"r1id","r2id","algorithm","rulerelation","dataset","which_of_the_rules_do_you_find_as_more_plausible","tag","target","r1len","r2len","lenDelta","lenRatio","r1DepthMax","r2DepthMax","DepthMaxDelta","DepthMaxRatio","r2DepthMin","r1DepthMin","DepthMinDelta","DepthMinRatio","r1LabelLengthSum","r2LabelLengthSum","LabelLengthSumDelta","LabelLengthSumRatio","r1LabelLengthMax","r2LabelLengthMax","LabelLengthMaxDelta","LabelLengthMaxRatio","r1LabelLengthAvg","r2LabelLengthAvg","LabelLengthAvgDelta","LabelLengthAvgRatio","r2LabelLengthMin","r1LabelLengthMin","LabelLengthMinDelta","LabelLengthMinRatio","r1minDistance","r2minDistance","MinDistanceDelta","MinDistanceRatio","r1maxDistance","MaxDistanceDelta","MaxDistanceRatio","r1PageRankMax","r2PageRankMax","PageRankMaxDelta","PageRankMaxRatio","r2PageRankMin","r1PageRankMin","PageRankMinDelta","PageRankMinRatio","r1PageRankAvg","r2PageRankAvg","PageRankAvgDelta","PageRankAvgRatio","r1conf","r2conf","ConfDelta","ConfRatio","r1supp","r2supp","SuppDelta","SuppRatio","r1LitImpMax","r2LitImpMax","LitImpMaxDelta","LitImpMaxRatio","r2LitImpMin","r1LitImpMin","LitImpMinDelta","LitImpMinRatio","r1LitImpAvg","r2LitImpAvg","LitImpAvgDelta","LitImpAvgRatio","r1AttImpMax","r2AttImpMax","AttImpMaxDelta","AttImpMaxRatio","r2AttImpMin","r1AttImpMin","AttImpMinDelta","AttImpMinRatio","r1AttImpAvg","r2AttImpAvg","AttImpAvgDelta","AttImpAvgRatio","r1AttImpSum","r2AttImpSum","AttImpSumDelta","AttImpSumRatio","r1LitImpSum","r2LitImpSum","LitImpSumDelta","LitImpSumRatio"
"2035","5497","arules","differentLengthRulesNeitherDisjunctNorSubsumingAtt","TRAFFIC","No preference","differentLengthRulesR2subsumingR1AttH","0","3.0","4.0","-1.0","0.75","6","6","0","1.0","4","6","-2","0.6666666666666666","113","150","-37","0.7533333333333333","38","38","0","1.0","37","37","0","1.0","37","37","0","1.0","1.0","1.0","0.0","1.0","1.0","0.0","1.0","58.6509084091644","58.6509084091644","0.0","1.0","2.217516700693478","10.248439526814057","-8.030922826120579","0.2163760341163705","34.86458287322333","26.70281633009088","8.161766543132448","1.3056518998685211","1.0","1.0","0.0","1.0","0.0136986301369863","0.0136986301369863","0.0","1.0","0.0","0.0","0.0","","-0.2","0.0","-0.2","-inf","0.0","-0.05","0.05","-0.0","5.5","5.5","0.0","1.0","1.3333333333333333","1.3333333333333333","0.0","1.0","2.833333333333333","2.833333333333333","0.0","1.0","8.5","8.5","0.0","1.0","0.0","-0.2","0.2","-0.0"
"2035","5497","arules","differentLengthRulesNeitherDisjunctNorSubsumingAtt","TRAFFIC","Rule 2 (weak preference)","differentLengthRulesR2subsumingR1AttH","-1","3.0","4.0","-1.0","0.75","6","6","0","1.0","4","6","-2","0.6666666666666666","113","150","-37","0.7533333333333333","38","38","0","1.0","37","37","0","1.0","37","37","0","1.0","1.0","1.0","0.0","1.0","1.0","0.0","1.0","58.6509084091644","58.6509084091644","0.0","1.0","2.217516700693478","10.248439526814057","-8.030922826120579","0.2163760341163705","34.86458287322333","26.70281633009088","8.161766543132448","1.3056518998685211","1.0","1.0","0.0","1.0","0.0136986301369863","0.0136986301369863","0.0","1.0","0.0","0.0","0.0","","-0.2","0.0","-0.2","-inf","0.0","-0.05","0.05","-0.0","5.5","5.5","0.0","1.0","1.3333333333333333","1.3333333333333333","0.0","1.0","2.833333333333333","2.833333333333333","0.0","1.0","8.5","8.5","0.0","1.0","0.0","-0.2","0.2","-0.0"
"2035","5497","arules","differentLengthRulesNeitherDisjunctNorSubsumingAtt","TRAFFIC","Rule 1 (strong preference)","differentLengthRulesR2subsumingR1AttH","2","3.0","4.0","-1.0","0.75","6","6","0","1.0","4","6","-2","0.6666666666666666","113","150","-37","0.7533333333333333","38","38","0","1.0","37","37","0","1.0","37","37","0","1.0","1.0","1.0","0.0","1.0","1.0","0.0","1.0","58.6509084091644","58.6509084091644","0.0","1.0","2.217516700693478","10.248439526814057","-8.030922826120579","0.2163760341163705","34.86458287322333","26.70281633009088","8.161766543132448","1.3056518998685211","1.0","1.0","0.0","1.0","0.0136986301369863","0.0136986301369863","0.0","1.0","0.0","0.0","0.0","","-0.2","0.0","-0.2","-inf","0.0","-0.05","0.05","-0.0","5.5","5.5","0.0","1.0","1.3333333333333333","1.3333333333333333","0.0","1.0","2.833333333333333","2.833333333333333","0.0","1.0","8.5","8.5","0.0","1.0","0.0","-0.2","0.2","-0.0"
"2035","5497","arules","differentLengthRulesNeitherDisjunctNorSubsumingAtt","TRAFFIC","Rule 1 (strong preference)","differentLengthRulesR2subsumingR1AttH","2","3.0","4.0","-1.0","0.75","6","6","0","1.0","4","6","-2","0.6666666666666666","113","150","-37","0.7533333333333333","38","38","0","1.0","37","37","0","1.0","37","37","0","1.0","1.0","1.0","0.0","1.0","1.0","0.0","1.0","58.6509084091644","58.6509084091644","0.0","1.0","2.217516700693478","10.248439526814057","-8.030922826120579","0.2163760341163705","34.86458287322333","26.70281633009088","8.161766543132448","1.3056518998685211","1.0","1.0","0.0","1.0","0.0136986301369863","0.0136986301369863","0.0","1.0","0.0","0.0","0.0","","-0.2","0.0","-0.2","-inf","0.0","-0.05","0.05","-0.0","5.5","5.5","0.0","1.0","1.3333333333333333","1.3333333333333333","0.0","1.0","2.833333333333333","2.833333333333333","0.0","1.0","8.5","8.5","0.0","1.0","0.0","-0.2","0.2","-0.0"
"2035","5497","arules","differentLengthRulesNeitherDisjunctNorSubsumingAtt","TRAFFIC","No preference","differentLengthRulesR2subsumingR1AttH","0","3.0","4.0","-1.0","0.75","6","6","0","1.0","4","6","-2","0.6666666666666666","113","150","-37","0.7533333333333333","38","38","0","1.0","37","37","0","1.0","37","37","0","1.0","1.0","1.0","0.0","1.0","1.0","0.0","1.0","58.6509084091644","58.6509084091644","0.0","1.0","2.217516700693478","10.248439526814057","-8.030922826120579","0.2163760341163705","34.86458287322333","26.70281633009088","8.161766543132448","1.3056518998685211","1.0","1.0","0.0","1.0","0.0136986301369863","0.0136986301369863","0.0","1.0","0.0","0.0","0.0","","-0.2","0.0","-0.2","-inf","0.0","-0.05","0.05","-0.0","5.5","5.5","0.0","1.0","1.3333333333333333","1.3333333333333333","0.0","1.0","2.833333333333333","2.833333333333333","0.0","1.0","8.5","8.5","0.0","1.0","0.0","-0.2","0.2","-0.0"
"22449","40731","InvertedHeuristics","differentLengthRulesNeitherDisjunctNorSubsumingAtt","TRAFFIC","No preference","dfInvertedHeuristicsOther","0","1.0","2.0","-1.0","0.5","6","6","0","1.0","6","6","0","1.0","18","35","-17","0.5142857142857142","18","18","0","1.0","18","17","1","1.0588235294117647","17","18","-1","0.9444444444444444","0.0","1.0","-1.0","0.0","0.0","0.0","","44.05854367641753","","","","","44.05854367641753","","","44.05854367641753","","","","1.0","1.0","0.0","1.0","","","","","0.0","0.0","0.0","","0.0","0.0","0.0","","0.0","0.0","0.0","","5.5","5.5","0.0","1.0","2.6666666666666665","5.5","-2.8333333333333335","0.4848484848484848","5.5","4.083333333333333","1.416666666666667","1.3469387755102042","5.5","8.166666666666666","-2.666666666666666","0.6734693877551021","0.0","0.0","0.0",""
"22449","40731","InvertedHeuristics","differentLengthRulesNeitherDisjunctNorSubsumingAtt","TRAFFIC","Rule 2 (weak preference)","dfInvertedHeuristicsOther","-1","1.0","2.0","-1.0","0.5","6","6","0","1.0","6","6","0","1.0","18","35","-17","0.5142857142857142","18","18","0","1.0","18","17","1","1.0588235294117647","17","18","-1","0.9444444444444444","0.0","1.0","-1.0","0.0","0.0","0.0","","44.05854367641753","","","","","44.05854367641753","","","44.05854367641753","","","","1.0","1.0","0.0","1.0","","","","","0.0","0.0","0.0","","0.0","0.0","0.0","","0.0","0.0","0.0","","5.5","5.5","0.0","1.0","2.6666666666666665","5.5","-2.8333333333333335","0.4848484848484848","5.5","4.083333333333333","1.416666666666667","1.3469387755102042","5.5","8.166666666666666","-2.666666666666666","0.6734693877551021","0.0","0.0","0.0",""
"22449","40731","InvertedHeuristics","differentLengthRulesNeitherDisjunctNorSubsumingAtt","TRAFFIC","No preference","dfInvertedHeuristicsOther","0","1.0","2.0","-1.0","0.5","6","6","0","1.0","6","6","0","1.0","18","35","-17","0.5142857142857142","18","18","0","1.0","18","17","1","1.0588235294117647","17","18","-1","0.9444444444444444","0.0","1.0","-1.0","0.0","0.0","0.0","","44.05854367641753","","","","","44.05854367641753","","","44.05854367641753","","","","1.0","1.0","0.0","1.0","","","","","0.0","0.0","0.0","","0.0","0.0","0.0","","0.0","0.0","0.0","","5.5","5.5","0.0","1.0","2.6666666666666665","5.5","-2.8333333333333335","0.4848484848484848","5.5","4.083333333333333","1.416666666666667","1.3469387755102042","5.5","8.166666666666666","-2.666666666666666","0.6734693877551021","0.0","0.0","0.0",""
"22449","40731","InvertedHeuristics","differentLengthRulesNeitherDisjunctNorSubsumingAtt","TRAFFIC","Rule 1 (strong preference)","dfInvertedHeuristicsOther","2","1.0","2.0","-1.0","0.5","6","6","0","1.0","6","6","0","1.0","18","35","-17","0.5142857142857142","18","18","0","1.0","18","17","1","1.0588235294117647","17","18","-1","0.9444444444444444","0.0","1.0","-1.0","0.0","0.0","0.0","","44.05854367641753","","","","","44.05854367641753","","","44.05854367641753","","","","1.0","1.0","0.0","1.0","","","","","0.0","0.0","0.0","","0.0","0.0","0.0","","0.0","0.0","0.0","","5.5","5.5","0.0","1.0","2.6666666666666665","5.5","-2.8333333333333335","0.4848484848484848","5.5","4.083333333333333","1.416666666666667","1.3469387755102042","5.5","8.166666666666666","-2.666666666666666","0.6734693877551021","0.0","0.0","0.0",""
"22449","40731","InvertedHeuristics","differentLengthRulesNeitherDisjunctNorSubsumingAtt","TRAFFIC","Rule 2 (weak preference)","dfInvertedHeuristicsOther","-1","1.0","2.0","-1.0","0.5","6","6","0","1.0","6","6","0","1.0","18","35","-17","0.5142857142857142","18","18","0","1.0","18","17","1","1.0588235294117647","17","18","-1","0.9444444444444444","0.0","1.0","-1.0","0.0","0.0","0.0","","44.05854367641753","","","","","44.05854367641753","","","44.05854367641753","","","","1.0","1.0","0.0","1.0","","","","","0.0","0.0","0.0","","0.0","0.0","0.0","","0.0","0.0","0.0","","5.5","5.5","0.0","1.0","2.6666666666666665","5.5","-2.8333333333333335","0.4848484848484848","5.5","4.083333333333333","1.416666666666667","1.3469387755102042","5.5","8.166666666666666","-2.666666666666666","0.6734693877551021","0.0","0.0","0.0",""
"10003","23679","InvertedHeuristics","differentLengthRulesNeitherDisjunctNorSubsumingAtt","TRAFFIC","Rule 1 (weak preference)","dfInvertedHeuristicsOther","1","1.0","2.0","-1.0","0.5","6","6","0","1.0","6","6","0","1.0","30","58","-28","0.5172413793103449","30","41","-11","0.7317073170731707","30","29","1","1.0344827586206897","17","30","-13","0.5666666666666667","0.0","1.0","-1.0","0.0","0.0","0.0","","33.26790151007305","","","","","33.26790151007305","","","33.26790151007305","","","","1.0","1.0","0.0","1.0","","","","","0.2","-0.4","0.6000000000000001","-0.5","-0.4","0.2","-0.6000000000000001","-2.0","0.2","-0.4","0.6000000000000001","-0.5","5.5","5.5","0.0","1.0","2.6666666666666665","5.5","-2.8333333333333335","0.4848484848484848","5.5","4.083333333333333","1.416666666666667","1.3469387755102042","5.5","8.166666666666666","-2.666666666666666","0.6734693877551021","0.2","-0.4","0.6000000000000001","-0.5"
"10003","23679","InvertedHeuristics","differentLengthRulesNeitherDisjunctNorSubsumingAtt","TRAFFIC","No preference","dfInvertedHeuristicsOther","0","1.0","2.0","-1.0","0.5","6","6","0","1.0","6","6","0","1.0","30","58","-28","0.5172413793103449","30","41","-11","0.7317073170731707","30","29","1","1.0344827586206897","17","30","-13","0.5666666666666667","0.0","1.0","-1.0","0.0","0.0","0.0","","33.26790151007305","","","","","33.26790151007305","","","33.26790151007305","","","","1.0","1.0","0.0","1.0","","","","","0.2","-0.4","0.6000000000000001","-0.5","-0.4","0.2","-0.6000000000000001","-2.0","0.2","-0.4","0.6000000000000001","-0.5","5.5","5.5","0.0","1.0","2.6666666666666665","5.5","-2.8333333333333335","0.4848484848484848","5.5","4.083333333333333","1.416666666666667","1.3469387755102042","5.5","8.166666666666666","-2.666666666666666","0.6734693877551021","0.2","-0.4","0.6000000000000001","-0.5"
"10003","23679","InvertedHeuristics","differentLengthRulesNeitherDisjunctNorSubsumingAtt","TRAFFIC","Rule 2 (weak preference)","dfInvertedHeuristicsOther","-1","1.0","2.0","-1.0","0.5","6","6","0","1.0","6","6","0","1.0","30","58","-28","0.5172413793103449","30","41","-11","0.7317073170731707","30","29","1","1.0344827586206897","17","30","-13","0.5666666666666667","0.0","1.0","-1.0","0.0","0.0","0.0","","33.26790151007305","","","","","33.26790151007305","","","33.26790151007305","","","","1.0","1.0","0.0","1.0","","","","","0.2","-0.4","0.6000000000000001","-0.5","-0.4","0.2","-0.6000000000000001","-2.0","0.2","-0.4","0.6000000000000001","-0.5","5.5","5.5","0.0","1.0","2.6666666666666665","5.5","-2.8333333333333335","0.4848484848484848","5.5","4.083333333333333","1.416666666666667","1.3469387755102042","5.5","8.166666666666666","-2.666666666666666","0.6734693877551021","0.2","-0.4","0.6000000000000001","-0.5"
"10003","23679","InvertedHeuristics","differentLengthRulesNeitherDisjunctNorSubsumingAtt","TRAFFIC","Rule 2 (strong preference)","dfInvertedHeuristicsOther","-2","1.0","2.0","-1.0","0.5","6","6","0","1.0","6","6","0","1.0","30","58","-28","0.5172413793103449","30","41","-11","0.7317073170731707","30","29","1","1.0344827586206897","17","30","-13","0.5666666666666667","0.0","1.0","-1.0","0.0","0.0","0.0","","33.26790151007305","","","","","33.26790151007305","","","33.26790151007305","","","","1.0","1.0","0.0","1.0","","","","","0.2","-0.4","0.6000000000000001","-0.5","-0.4","0.2","-0.6000000000000001","-2.0","0.2","-0.4","0.6000000000000001","-0.5","5.5","5.5","0.0","1.0","2.6666666666666665","5.5","-2.8333333333333335","0.4848484848484848","5.5","4.083333333333333","1.416666666666667","1.3469387755102042","5.5","8.166666666666666","-2.666666666666666","0.6734693877551021","0.2","-0.4","0.6000000000000001","-0.5"
"10003","23679","InvertedHeuristics","differentLengthRulesNeitherDisjunctNorSubsumingAtt","TRAFFIC","Rule 1 (weak preference)","dfInvertedHeuristicsOther","1","1.0","2.0","-1.0","0.5","6","6","0","1.0","6","6","0","1.0","30","58","-28","0.5172413793103449","30","41","-11","0.7317073170731707","30","29","1","1.0344827586206897","17","30","-13","0.5666666666666667","0.0","1.0","-1.0","0.0","0.0","0.0","","33.26790151007305","","","","","33.26790151007305","","","33.26790151007305","","","","1.0","1.0","0.0","1.0","","","","","0.2","-0.4","0.6000000000000001","-0.5","-0.4","0.2","-0.6000000000000001","-2.0","0.2","-0.4","0.6000000000000001","-0.5","5.5","5.5","0.0","1.0","2.6666666666666665","5.5","-2.8333333333333335","0.4848484848484848","5.5","4.083333333333333","1.416666666666667","1.3469387755102042","5.5","8.166666666666666","-2.666666666666666","0.6734693877551021","0.2","-0.4","0.6000000000000001","-0.5"
"10003","23679","InvertedHeuristics","differentLengthRulesNeitherDisjunctNorSubsumingAtt","TRAFFIC","No preference","dfInvertedHeuristicsOther","0","1.0","2.0","-1.0","0.5","6","6","0","1.0","6","6","0","1.0","30","58","-28","0.5172413793103449","30","41","-11","0.7317073170731707","30","29","1","1.0344827586206897","17","30","-13","0.5666666666666667","0.0","1.0","-1.0","0.0","0.0","0.0","","33.26790151007305","","","","","33.26790151007305","","","33.26790151007305","","","","1.0","1.0","0.0","1.0","","","","","0.2","-0.4","0.6000000000000001","-0.5","-0.4","0.2","-0.6000000000000001","-2.0","0.2","-0.4","0.6000000000000001","-0.5","5.5","5.5","0.0","1.0","2.6666666666666665","5.5","-2.8333333333333335","0.4848484848484848","5.5","4.083333333333333","1.416666666666667","1.3469387755102042","5.5","8.166666666666666","-2.666666666666666","0.6734693877551021","0.2","-0.4","0.6000000000000001","-0.5"
"10003","23679","InvertedHeuristics","differentLengthRulesNeitherDisjunctNorSubsumingAtt","TRAFFIC","Rule 2 (strong preference)","dfInvertedHeuristicsOther","-2","1.0","2.0","-1.0","0.5","6","6","0","1.0","6","6","0","1.0","30","58","-28","0.5172413793103449","30","41","-11","0.7317073170731707","30","29","1","1.0344827586206897","17","30","-13","0.5666666666666667","0.0","1.0","-1.0","0.0","0.0","0.0","","33.26790151007305","","","","","33.26790151007305","","","33.26790151007305","","","","1.0","1.0","0.0","1.0","","","","","0.2","-0.4","0.6000000000000001","-0.5","-0.4","0.2","-0.6000000000000001","-2.0","0.2","-0.4","0.6000000000000001","-0.5","5.5","5.5","0.0","1.0","2.6666666666666665","5.5","-2.8333333333333335","0.4848484848484848","5.5","4.083333333333333","1.416666666666667","1.3469387755102042","5.5","8.166666666666666","-2.666666666666666","0.6734693877551021","0.2","-0.4","0.6000000000000001","-0.5"
"10003","23679","InvertedHeuristics","differentLengthRulesNeitherDisjunctNorSubsumingAtt","TRAFFIC","No preference","dfInvertedHeuristicsOther","0","1.0","2.0","-1.0","0.5","6","6","0","1.0","6","6","0","1.0","30","58","-28","0.5172413793103449","30","41","-11","0.7317073170731707","30","29","1","1.0344827586206897","17","30","-13","0.5666666666666667","0.0","1.0","-1.0","0.0","0.0","0.0","","33.26790151007305","","","","","33.26790151007305","","","33.26790151007305","","","","1.0","1.0","0.0","1.0","","","","","0.2","-0.4","0.6000000000000001","-0.5","-0.4","0.2","-0.6000000000000001","-2.0","0.2","-0.4","0.6000000000000001","-0.5","5.5","5.5","0.0","1.0","2.6666666666666665","5.5","-2.8333333333333335","0.4848484848484848","5.5","4.083333333333333","1.416666666666667","1.3469387755102042","5.5","8.166666666666666","-2.666666666666666","0.6734693877551021","0.2","-0.4","0.6000000000000001","-0.5"
"10003","23679","InvertedHeuristics","differentLengthRulesNeitherDisjunctNorSubsumingAtt","TRAFFIC","Rule 1 (strong preference)","dfInvertedHeuristicsOther","2","1.0","2.0","-1.0","0.5","6","6","0","1.0","6","6","0","1.0","30","58","-28","0.5172413793103449","30","41","-11","0.7317073170731707","30","29","1","1.0344827586206897","17","30","-13","0.5666666666666667","0.0","1.0","-1.0","0.0","0.0","0.0","","33.26790151007305","","","","","33.26790151007305","","","33.26790151007305","","","","1.0","1.0","0.0","1.0","","","","","0.2","-0.4","0.6000000000000001","-0.5","-0.4","0.2","-0.6000000000000001","-2.0","0.2","-0.4","0.6000000000000001","-0.5","5.5","5.5","0.0","1.0","2.6666666666666665","5.5","-2.8333333333333335","0.4848484848484848","5.5","4.083333333333333","1.416666666666667","1.3469387755102042","5.5","8.166666666666666","-2.666666666666666","0.6734693877551021","0.2","-0.4","0.6000000000000001","-0.5"
"10003","23679","InvertedHeuristics","differentLengthRulesNeitherDisjunctNorSubsumingAtt","TRAFFIC","No preference","dfInvertedHeuristicsOther","0","1.0","2.0","-1.0","0.5","6","6","0","1.0","6","6","0","1.0","30","58","-28","0.5172413793103449","30","41","-11","0.7317073170731707","30","29","1","1.0344827586206897","17","30","-13","0.5666666666666667","0.0","1.0","-1.0","0.0","0.0","0.0","","33.26790151007305","","","","","33.26790151007305","","","33.26790151007305","","","","1.0","1.0","0.0","1.0","","","","","0.2","-0.4","0.6000000000000001","-0.5","-0.4","0.2","-0.6000000000000001","-2.0","0.2","-0.4","0.6000000000000001","-0.5","5.5","5.5","0.0","1.0","2.6666666666666665","5.5","-2.8333333333333335","0.4848484848484848","5.5","4.083333333333333","1.416666666666667","1.3469387755102042","5.5","8.166666666666666","-2.666666666666666","0.6734693877551021","0.2","-0.4","0.6000000000000001","-0.5"
"315","920","arules","differentLengthRulesNeitherDisjunctNorSubsumingAtt","TRAFFIC","Rule 1 (weak preference)","differentLengthRulesDisjunctAttH","1","2.0","3.0","-1.0","0.6666666666666666","6","6","0","1.0","6","6","0","1.0","72","119","-47","0.6050420168067226","49","51","-2","0.9607843137254902","36","39","-3","0.9230769230769231","32","23","9","1.391304347826087","1.0","1.0","0.0","1.0","1.0","0.0","1.0","31.55659189909189","9.869217232444347","21.687374666647543","3.1974766747814454","4.794462763035893","9.99235087449732","-5.1978881114614275","0.47981329151205226","20.774471386794605","8.088597402466663","12.685873984327943","2.5683651136424857","1.0","1.0","0.0","1.0","0.0136986301369863","0.0136986301369863","0.0","1.0","0.4","0.2","0.2","2.0","0.0","-0.4","0.4","-0.0","0.0","0.13333333333333333","-0.13333333333333333","0.0","5.5","5.5","0.0","1.0","1.6666666666666667","2.6666666666666665","-0.9999999999999998","0.6250000000000001","4.083333333333333","3.583333333333333","0.5","1.1395348837209303","8.166666666666666","7.166666666666668","0.9999999999999982","1.13953488372093","0.0","0.4","-0.4","0.0"
"315","920","arules","differentLengthRulesNeitherDisjunctNorSubsumingAtt","TRAFFIC","No preference","differentLengthRulesDisjunctAttH","0","2.0","3.0","-1.0","0.6666666666666666","6","6","0","1.0","6","6","0","1.0","72","119","-47","0.6050420168067226","49","51","-2","0.9607843137254902","36","39","-3","0.9230769230769231","32","23","9","1.391304347826087","1.0","1.0","0.0","1.0","1.0","0.0","1.0","31.55659189909189","9.869217232444347","21.687374666647543","3.1974766747814454","4.794462763035893","9.99235087449732","-5.1978881114614275","0.47981329151205226","20.774471386794605","8.088597402466663","12.685873984327943","2.5683651136424857","1.0","1.0","0.0","1.0","0.0136986301369863","0.0136986301369863","0.0","1.0","0.4","0.2","0.2","2.0","0.0","-0.4","0.4","-0.0","0.0","0.13333333333333333","-0.13333333333333333","0.0","5.5","5.5","0.0","1.0","1.6666666666666667","2.6666666666666665","-0.9999999999999998","0.6250000000000001","4.083333333333333","3.583333333333333","0.5","1.1395348837209303","8.166666666666666","7.166666666666668","0.9999999999999982","1.13953488372093","0.0","0.4","-0.4","0.0"
"315","920","arules","differentLengthRulesNeitherDisjunctNorSubsumingAtt","TRAFFIC","Rule 2 (weak preference)","differentLengthRulesDisjunctAttH","-1","2.0","3.0","-1.0","0.6666666666666666","6","6","0","1.0","6","6","0","1.0","72","119","-47","0.6050420168067226","49","51","-2","0.9607843137254902","36","39","-3","0.9230769230769231","32","23","9","1.391304347826087","1.0","1.0","0.0","1.0","1.0","0.0","1.0","31.55659189909189","9.869217232444347","21.687374666647543","3.1974766747814454","4.794462763035893","9.99235087449732","-5.1978881114614275","0.47981329151205226","20.774471386794605","8.088597402466663","12.685873984327943","2.5683651136424857","1.0","1.0","0.0","1.0","0.0136986301369863","0.0136986301369863","0.0","1.0","0.4","0.2","0.2","2.0","0.0","-0.4","0.4","-0.0","0.0","0.13333333333333333","-0.13333333333333333","0.0","5.5","5.5","0.0","1.0","1.6666666666666667","2.6666666666666665","-0.9999999999999998","0.6250000000000001","4.083333333333333","3.583333333333333","0.5","1.1395348837209303","8.166666666666666","7.166666666666668","0.9999999999999982","1.13953488372093","0.0","0.4","-0.4","0.0"
"315","920","arules","differentLengthRulesNeitherDisjunctNorSubsumingAtt","TRAFFIC","Rule 1 (strong preference)","differentLengthRulesDisjunctAttH","2","2.0","3.0","-1.0","0.6666666666666666","6","6","0","1.0","6","6","0","1.0","72","119","-47","0.6050420168067226","49","51","-2","0.9607843137254902","36","39","-3","0.9230769230769231","32","23","9","1.391304347826087","1.0","1.0","0.0","1.0","1.0","0.0","1.0","31.55659189909189","9.869217232444347","21.687374666647543","3.1974766747814454","4.794462763035893","9.99235087449732","-5.1978881114614275","0.47981329151205226","20.774471386794605","8.088597402466663","12.685873984327943","2.5683651136424857","1.0","1.0","0.0","1.0","0.0136986301369863","0.0136986301369863","0.0","1.0","0.4","0.2","0.2","2.0","0.0","-0.4","0.4","-0.0","0.0","0.13333333333333333","-0.13333333333333333","0.0","5.5","5.5","0.0","1.0","1.6666666666666667","2.6666666666666665","-0.9999999999999998","0.6250000000000001","4.083333333333333","3.583333333333333","0.5","1.1395348837209303","8.166666666666666","7.166666666666668","0.9999999999999982","1.13953488372093","0.0","0.4","-0.4","0.0"
"315","920","arules","differentLengthRulesNeitherDisjunctNorSubsumingAtt","TRAFFIC","Rule 2 (weak preference)","differentLengthRulesDisjunctAttH","-1","2.0","3.0","-1.0","0.6666666666666666","6","6","0","1.0","6","6","0","1.0","72","119","-47","0.6050420168067226","49","51","-2","0.9607843137254902","36","39","-3","0.9230769230769231","32","23","9","1.391304347826087","1.0","1.0","0.0","1.0","1.0","0.0","1.0","31.55659189909189","9.869217232444347","21.687374666647543","3.1974766747814454","4.794462763035893","9.99235087449732","-5.1978881114614275","0.47981329151205226","20.774471386794605","8.088597402466663","12.685873984327943","2.5683651136424857","1.0","1.0","0.0","1.0","0.0136986301369863","0.0136986301369863","0.0","1.0","0.4","0.2","0.2","2.0","0.0","-0.4","0.4","-0.0","0.0","0.13333333333333333","-0.13333333333333333","0.0","5.5","5.5","0.0","1.0","1.6666666666666667","2.6666666666666665","-0.9999999999999998","0.6250000000000001","4.083333333333333","3.583333333333333","0.5","1.1395348837209303","8.166666666666666","7.166666666666668","0.9999999999999982","1.13953488372093","0.0","0.4","-0.4","0.0"
"22449","23679","InvertedHeuristics","differentLengthRulesNeitherDisjunctNorSubsumingAtt","TRAFFIC","Rule 1 (strong preference)","dfInvertedHeuristicsOther","2","1.0","2.0","-1.0","0.5","6","6","0","1.0","6","6","0","1.0","18","58","-40","0.3103448275862069","18","41","-23","0.43902439024390244","18","29","-11","0.6206896551724138","17","18","-1","0.9444444444444444","0.0","1.0","-1.0","0.0","0.0","0.0","","44.05854367641753","","","","","44.05854367641753","","","44.05854367641753","","","","1.0","1.0","0.0","1.0","","","","","0.0","-0.4","0.4","-0.0","-0.4","0.0","-0.4","-inf","0.0","-0.4","0.4","-0.0","5.5","5.5","0.0","1.0","2.6666666666666665","5.5","-2.8333333333333335","0.4848484848484848","5.5","4.083333333333333","1.416666666666667","1.3469387755102042","5.5","8.166666666666666","-2.666666666666666","0.6734693877551021","0.0","-0.4","0.4","-0.0"
"22449","23679","InvertedHeuristics","differentLengthRulesNeitherDisjunctNorSubsumingAtt","TRAFFIC","Rule 2 (weak preference)","dfInvertedHeuristicsOther","-1","1.0","2.0","-1.0","0.5","6","6","0","1.0","6","6","0","1.0","18","58","-40","0.3103448275862069","18","41","-23","0.43902439024390244","18","29","-11","0.6206896551724138","17","18","-1","0.9444444444444444","0.0","1.0","-1.0","0.0","0.0","0.0","","44.05854367641753","","","","","44.05854367641753","","","44.05854367641753","","","","1.0","1.0","0.0","1.0","","","","","0.0","-0.4","0.4","-0.0","-0.4","0.0","-0.4","-inf","0.0","-0.4","0.4","-0.0","5.5","5.5","0.0","1.0","2.6666666666666665","5.5","-2.8333333333333335","0.4848484848484848","5.5","4.083333333333333","1.416666666666667","1.3469387755102042","5.5","8.166666666666666","-2.666666666666666","0.6734693877551021","0.0","-0.4","0.4","-0.0"
"22449","23679","InvertedHeuristics","differentLengthRulesNeitherDisjunctNorSubsumingAtt","TRAFFIC","No preference","dfInvertedHeuristicsOther","0","1.0","2.0","-1.0","0.5","6","6","0","1.0","6","6","0","1.0","18","58","-40","0.3103448275862069","18","41","-23","0.43902439024390244","18","29","-11","0.6206896551724138","17","18","-1","0.9444444444444444","0.0","1.0","-1.0","0.0","0.0","0.0","","44.05854367641753","","","","","44.05854367641753","","","44.05854367641753","","","","1.0","1.0","0.0","1.0","","","","","0.0","-0.4","0.4","-0.0","-0.4","0.0","-0.4","-inf","0.0","-0.4","0.4","-0.0","5.5","5.5","0.0","1.0","2.6666666666666665","5.5","-2.8333333333333335","0.4848484848484848","5.5","4.083333333333333","1.416666666666667","1.3469387755102042","5.5","8.166666666666666","-2.666666666666666","0.6734693877551021","0.0","-0.4","0.4","-0.0"
"22449","23679","InvertedHeuristics","differentLengthRulesNeitherDisjunctNorSubsumingAtt","TRAFFIC","No preference","dfInvertedHeuristicsOther","0","1.0","2.0","-1.0","0.5","6","6","0","1.0","6","6","0","1.0","18","58","-40","0.3103448275862069","18","41","-23","0.43902439024390244","18","29","-11","0.6206896551724138","17","18","-1","0.9444444444444444","0.0","1.0","-1.0","0.0","0.0","0.0","","44.05854367641753","","","","","44.05854367641753","","","44.05854367641753","","","","1.0","1.0","0.0","1.0","","","","","0.0","-0.4","0.4","-0.0","-0.4","0.0","-0.4","-inf","0.0","-0.4","0.4","-0.0","5.5","5.5","0.0","1.0","2.6666666666666665","5.5","-2.8333333333333335","0.4848484848484848","5.5","4.083333333333333","1.416666666666667","1.3469387755102042","5.5","8.166666666666666","-2.666666666666666","0.6734693877551021","0.0","-0.4","0.4","-0.0"
"22449","23679","InvertedHeuristics","differentLengthRulesNeitherDisjunctNorSubsumingAtt","TRAFFIC","No preference","dfInvertedHeuristicsOther","0","1.0","2.0","-1.0","0.5","6","6","0","1.0","6","6","0","1.0","18","58","-40","0.3103448275862069","18","41","-23","0.43902439024390244","18","29","-11","0.6206896551724138","17","18","-1","0.9444444444444444","0.0","1.0","-1.0","0.0","0.0","0.0","","44.05854367641753","","","","","44.05854367641753","","","44.05854367641753","","","","1.0","1.0","0.0","1.0","","","","","0.0","-0.4","0.4","-0.0","-0.4","0.0","-0.4","-inf","0.0","-0.4","0.4","-0.0","5.5","5.5","0.0","1.0","2.6666666666666665","5.5","-2.8333333333333335","0.4848484848484848","5.5","4.083333333333333","1.416666666666667","1.3469387755102042","5.5","8.166666666666666","-2.666666666666666","0.6734693877551021","0.0","-0.4","0.4","-0.0"
"22449","23679","InvertedHeuristics","differentLengthRulesNeitherDisjunctNorSubsumingAtt","TRAFFIC","Rule 1 (weak preference)","dfInvertedHeuristicsOther","1","1.0","2.0","-1.0","0.5","6","6","0","1.0","6","6","0","1.0","18","58","-40","0.3103448275862069","18","41","-23","0.43902439024390244","18","29","-11","0.6206896551724138","17","18","-1","0.9444444444444444","0.0","1.0","-1.0","0.0","0.0","0.0","","44.05854367641753","","","","","44.05854367641753","","","44.05854367641753","","","","1.0","1.0","0.0","1.0","","","","","0.0","-0.4","0.4","-0.0","-0.4","0.0","-0.4","-inf","0.0","-0.4","0.4","-0.0","5.5","5.5","0.0","1.0","2.6666666666666665","5.5","-2.8333333333333335","0.4848484848484848","5.5","4.083333333333333","1.416666666666667","1.3469387755102042","5.5","8.166666666666666","-2.666666666666666","0.6734693877551021","0.0","-0.4","0.4","-0.0"
"22449","23679","InvertedHeuristics","differentLengthRulesNeitherDisjunctNorSubsumingAtt","TRAFFIC","No preference","dfInvertedHeuristicsOther","0","1.0","2.0","-1.0","0.5","6","6","0","1.0","6","6","0","1.0","18","58","-40","0.3103448275862069","18","41","-23","0.43902439024390244","18","29","-11","0.6206896551724138","17","18","-1","0.9444444444444444","0.0","1.0","-1.0","0.0","0.0","0.0","","44.05854367641753","","","","","44.05854367641753","","","44.05854367641753","","","","1.0","1.0","0.0","1.0","","","","","0.0","-0.4","0.4","-0.0","-0.4","0.0","-0.4","-inf","0.0","-0.4","0.4","-0.0","5.5","5.5","0.0","1.0","2.6666666666666665","5.5","-2.8333333333333335","0.4848484848484848","5.5","4.083333333333333","1.416666666666667","1.3469387755102042","5.5","8.166666666666666","-2.666666666666666","0.6734693877551021","0.0","-0.4","0.4","-0.0"
"22449","23679","InvertedHeuristics","differentLengthRulesNeitherDisjunctNorSubsumingAtt","TRAFFIC","Rule 2 (weak preference)","dfInvertedHeuristicsOther","-1","1.0","2.0","-1.0","0.5","6","6","0","1.0","6","6","0","1.0","18","58","-40","0.3103448275862069","18","41","-23","0.43902439024390244","18","29","-11","0.6206896551724138","17","18","-1","0.9444444444444444","0.0","1.0","-1.0","0.0","0.0","0.0","","44.05854367641753","","","","","44.05854367641753","","","44.05854367641753","","","","1.0","1.0","0.0","1.0","","","","","0.0","-0.4","0.4","-0.0","-0.4","0.0","-0.4","-inf","0.0","-0.4","0.4","-0.0","5.5","5.5","0.0","1.0","2.6666666666666665","5.5","-2.8333333333333335","0.4848484848484848","5.5","4.083333333333333","1.416666666666667","1.3469387755102042","5.5","8.166666666666666","-2.666666666666666","0.6734693877551021","0.0","-0.4","0.4","-0.0"
"22449","23679","InvertedHeuristics","differentLengthRulesNeitherDisjunctNorSubsumingAtt","TRAFFIC","Rule 2 (strong preference)","dfInvertedHeuristicsOther","-2","1.0","2.0","-1.0","0.5","6","6","0","1.0","6","6","0","1.0","18","58","-40","0.3103448275862069","18","41","-23","0.43902439024390244","18","29","-11","0.6206896551724138","17","18","-1","0.9444444444444444","0.0","1.0","-1.0","0.0","0.0","0.0","","44.05854367641753","","","","","44.05854367641753","","","44.05854367641753","","","","1.0","1.0","0.0","1.0","","","","","0.0","-0.4","0.4","-0.0","-0.4","0.0","-0.4","-inf","0.0","-0.4","0.4","-0.0","5.5","5.5","0.0","1.0","2.6666666666666665","5.5","-2.8333333333333335","0.4848484848484848","5.5","4.083333333333333","1.416666666666667","1.3469387755102042","5.5","8.166666666666666","-2.666666666666666","0.6734693877551021","0.0","-0.4","0.4","-0.0"
"22449","23679","InvertedHeuristics","differentLengthRulesNeitherDisjunctNorSubsumingAtt","TRAFFIC","Rule 1 (weak preference)","dfInvertedHeuristicsOther","1","1.0","2.0","-1.0","0.5","6","6","0","1.0","6","6","0","1.0","18","58","-40","0.3103448275862069","18","41","-23","0.43902439024390244","18","29","-11","0.6206896551724138","17","18","-1","0.9444444444444444","0.0","1.0","-1.0","0.0","0.0","0.0","","44.05854367641753","","","","","44.05854367641753","","","44.05854367641753","","","","1.0","1.0","0.0","1.0","","","","","0.0","-0.4","0.4","-0.0","-0.4","0.0","-0.4","-inf","0.0","-0.4","0.4","-0.0","5.5","5.5","0.0","1.0","2.6666666666666665","5.5","-2.8333333333333335","0.4848484848484848","5.5","4.083333333333333","1.416666666666667","1.3469387755102042","5.5","8.166666666666666","-2.666666666666666","0.6734693877551021","0.0","-0.4","0.4","-0.0"
"22449","23679","InvertedHeuristics","differentLengthRulesNeitherDisjunctNorSubsumingAtt","TRAFFIC","No preference","dfInvertedHeuristicsOther","0","1.0","2.0","-1.0","0.5","6","6","0","1.0","6","6","0","1.0","18","58","-40","0.3103448275862069","18","41","-23","0.43902439024390244","18","29","-11","0.6206896551724138","17","18","-1","0.9444444444444444","0.0","1.0","-1.0","0.0","0.0","0.0","","44.05854367641753","","","","","44.05854367641753","","","44.05854367641753","","","","1.0","1.0","0.0","1.0","","","","","0.0","-0.4","0.4","-0.0","-0.4","0.0","-0.4","-inf","0.0","-0.4","0.4","-0.0","5.5","5.5","0.0","1.0","2.6666666666666665","5.5","-2.8333333333333335","0.4848484848484848","5.5","4.083333333333333","1.416666666666667","1.3469387755102042","5.5","8.166666666666666","-2.666666666666666","0.6734693877551021","0.0","-0.4","0.4","-0.0"
"22449","23679","InvertedHeuristics","differentLengthRulesNeitherDisjunctNorSubsumingAtt","TRAFFIC","No preference","dfInvertedHeuristicsOther","0","1.0","2.0","-1.0","0.5","6","6","0","1.0","6","6","0","1.0","18","58","-40","0.3103448275862069","18","41","-23","0.43902439024390244","18","29","-11","0.6206896551724138","17","18","-1","0.9444444444444444","0.0","1.0","-1.0","0.0","0.0","0.0","","44.05854367641753","","","","","44.05854367641753","","","44.05854367641753","","","","1.0","1.0","0.0","1.0","","","","","0.0","-0.4","0.4","-0.0","-0.4","0.0","-0.4","-inf","0.0","-0.4","0.4","-0.0","5.5","5.5","0.0","1.0","2.6666666666666665","5.5","-2.8333333333333335","0.4848484848484848","5.5","4.083333333333333","1.416666666666667","1.3469387755102042","5.5","8.166666666666666","-2.666666666666666","0.6734693877551021","0.0","-0.4","0.4","-0.0"
"22449","23679","InvertedHeuristics","differentLengthRulesNeitherDisjunctNorSubsumingAtt","TRAFFIC","Rule 1 (weak preference)","dfInvertedHeuristicsOther","1","1.0","2.0","-1.0","0.5","6","6","0","1.0","6","6","0","1.0","18","58","-40","0.3103448275862069","18","41","-23","0.43902439024390244","18","29","-11","0.6206896551724138","17","18","-1","0.9444444444444444","0.0","1.0","-1.0","0.0","0.0","0.0","","44.05854367641753","","","","","44.05854367641753","","","44.05854367641753","","","","1.0","1.0","0.0","1.0","","","","","0.0","-0.4","0.4","-0.0","-0.4","0.0","-0.4","-inf","0.0","-0.4","0.4","-0.0","5.5","5.5","0.0","1.0","2.6666666666666665","5.5","-2.8333333333333335","0.4848484848484848","5.5","4.083333333333333","1.416666666666667","1.3469387755102042","5.5","8.166666666666666","-2.666666666666666","0.6734693877551021","0.0","-0.4","0.4","-0.0"
"22449","23679","InvertedHeuristics","differentLengthRulesNeitherDisjunctNorSubsumingAtt","TRAFFIC","Rule 1 (strong preference)","dfInvertedHeuristicsOther","2","1.0","2.0","-1.0","0.5","6","6","0","1.0","6","6","0","1.0","18","58","-40","0.3103448275862069","18","41","-23","0.43902439024390244","18","29","-11","0.6206896551724138","17","18","-1","0.9444444444444444","0.0","1.0","-1.0","0.0","0.0","0.0","","44.05854367641753","","","","","44.05854367641753","","","44.05854367641753","","","","1.0","1.0","0.0","1.0","","","","","0.0","-0.4","0.4","-0.0","-0.4","0.0","-0.4","-inf","0.0","-0.4","0.4","-0.0","5.5","5.5","0.0","1.0","2.6666666666666665","5.5","-2.8333333333333335","0.4848484848484848","5.5","4.083333333333333","1.416666666666667","1.3469387755102042","5.5","8.166666666666666","-2.666666666666666","0.6734693877551021","0.0","-0.4","0.4","-0.0"
"22449","23679","InvertedHeuristics","differentLengthRulesNeitherDisjunctNorSubsumingAtt","TRAFFIC","Rule 2 (strong preference)","dfInvertedHeuristicsOther","-2","1.0","2.0","-1.0","0.5","6","6","0","1.0","6","6","0","1.0","18","58","-40","0.3103448275862069","18","41","-23","0.43902439024390244","18","29","-11","0.6206896551724138","17","18","-1","0.9444444444444444","0.0","1.0","-1.0","0.0","0.0","0.0","","44.05854367641753","","","","","44.05854367641753","","","44.05854367641753","","","","1.0","1.0","0.0","1.0","","","","","0.0","-0.4","0.4","-0.0","-0.4","0.0","-0.4","-inf","0.0","-0.4","0.4","-0.0","5.5","5.5","0.0","1.0","2.6666666666666665","5.5","-2.8333333333333335","0.4848484848484848","5.5","4.083333333333333","1.416666666666667","1.3469387755102042","5.5","8.166666666666666","-2.666666666666666","0.6734693877551021","0.0","-0.4","0.4","-0.0"
"22449","23679","InvertedHeuristics","differentLengthRulesNeitherDisjunctNorSubsumingAtt","TRAFFIC","Rule 1 (weak preference)","dfInvertedHeuristicsOther","1","1.0","2.0","-1.0","0.5","6","6","0","1.0","6","6","0","1.0","18","58","-40","0.3103448275862069","18","41","-23","0.43902439024390244","18","29","-11","0.6206896551724138","17","18","-1","0.9444444444444444","0.0","1.0","-1.0","0.0","0.0","0.0","","44.05854367641753","","","","","44.05854367641753","","","44.05854367641753","","","","1.0","1.0","0.0","1.0","","","","","0.0","-0.4","0.4","-0.0","-0.4","0.0","-0.4","-inf","0.0","-0.4","0.4","-0.0","5.5","5.5","0.0","1.0","2.6666666666666665","5.5","-2.8333333333333335","0.4848484848484848","5.5","4.083333333333333","1.416666666666667","1.3469387755102042","5.5","8.166666666666666","-2.666666666666666","0.6734693877551021","0.0","-0.4","0.4","-0.0"
"22449","23679","InvertedHeuristics","differentLengthRulesNeitherDisjunctNorSubsumingAtt","TRAFFIC","Rule 1 (weak preference)","dfInvertedHeuristicsOther","1","1.0","2.0","-1.0","0.5","6","6","0","1.0","6","6","0","1.0","18","58","-40","0.3103448275862069","18","41","-23","0.43902439024390244","18","29","-11","0.6206896551724138","17","18","-1","0.9444444444444444","0.0","1.0","-1.0","0.0","0.0","0.0","","44.05854367641753","","","","","44.05854367641753","","","44.05854367641753","","","","1.0","1.0","0.0","1.0","","","","","0.0","-0.4","0.4","-0.0","-0.4","0.0","-0.4","-inf","0.0","-0.4","0.4","-0.0","5.5","5.5","0.0","1.0","2.6666666666666665","5.5","-2.8333333333333335","0.4848484848484848","5.5","4.083333333333333","1.416666666666667","1.3469387755102042","5.5","8.166666666666666","-2.666666666666666","0.6734693877551021","0.0","-0.4","0.4","-0.0"
"22449","23679","InvertedHeuristics","differentLengthRulesNeitherDisjunctNorSubsumingAtt","TRAFFIC","Rule 1 (strong preference)","dfInvertedHeuristicsOther","2","1.0","2.0","-1.0","0.5","6","6","0","1.0","6","6","0","1.0","18","58","-40","0.3103448275862069","18","41","-23","0.43902439024390244","18","29","-11","0.6206896551724138","17","18","-1","0.9444444444444444","0.0","1.0","-1.0","0.0","0.0","0.0","","44.05854367641753","","","","","44.05854367641753","","","44.05854367641753","","","","1.0","1.0","0.0","1.0","","","","","0.0","-0.4","0.4","-0.0","-0.4","0.0","-0.4","-inf","0.0","-0.4","0.4","-0.0","5.5","5.5","0.0","1.0","2.6666666666666665","5.5","-2.8333333333333335","0.4848484848484848","5.5","4.083333333333333","1.416666666666667","1.3469387755102042","5.5","8.166666666666666","-2.666666666666666","0.6734693877551021","0.0","-0.4","0.4","-0.0"
"22449","23679","InvertedHeuristics","differentLengthRulesNeitherDisjunctNorSubsumingAtt","TRAFFIC","Rule 1 (strong preference)","dfInvertedHeuristicsOther","2","1.0","2.0","-1.0","0.5","6","6","0","1.0","6","6","0","1.0","18","58","-40","0.3103448275862069","18","41","-23","0.43902439024390244","18","29","-11","0.6206896551724138","17","18","-1","0.9444444444444444","0.0","1.0","-1.0","0.0","0.0","0.0","","44.05854367641753","","","","","44.05854367641753","","","44.05854367641753","","","","1.0","1.0","0.0","1.0","","","","","0.0","-0.4","0.4","-0.0","-0.4","0.0","-0.4","-inf","0.0","-0.4","0.4","-0.0","5.5","5.5","0.0","1.0","2.6666666666666665","5.5","-2.8333333333333335","0.4848484848484848","5.5","4.083333333333333","1.416666666666667","1.3469387755102042","5.5","8.166666666666666","-2.666666666666666","0.6734693877551021","0.0","-0.4","0.4","-0.0"
"22449","23679","InvertedHeuristics","differentLengthRulesNeitherDisjunctNorSubsumingAtt","TRAFFIC","Rule 2 (strong preference)","dfInvertedHeuristicsOther","-2","1.0","2.0","-1.0","0.5","6","6","0","1.0","6","6","0","1.0","18","58","-40","0.3103448275862069","18","41","-23","0.43902439024390244","18","29","-11","0.6206896551724138","17","18","-1","0.9444444444444444","0.0","1.0","-1.0","0.0","0.0","0.0","","44.05854367641753","","","","","44.05854367641753","","","44.05854367641753","","","","1.0","1.0","0.0","1.0","","","","","0.0","-0.4","0.4","-0.0","-0.4","0.0","-0.4","-inf","0.0","-0.4","0.4","-0.0","5.5","5.5","0.0","1.0","2.6666666666666665","5.5","-2.8333333333333335","0.4848484848484848","5.5","4.083333333333333","1.416666666666667","1.3469387755102042","5.5","8.166666666666666","-2.666666666666666","0.6734693877551021","0.0","-0.4","0.4","-0.0"
"22449","23679","InvertedHeuristics","differentLengthRulesNeitherDisjunctNorSubsumingAtt","TRAFFIC","Rule 2 (strong preference)","dfInvertedHeuristicsOther","-2","1.0","2.0","-1.0","0.5","6","6","0","1.0","6","6","0","1.0","18","58","-40","0.3103448275862069","18","41","-23","0.43902439024390244","18","29","-11","0.6206896551724138","17","18","-1","0.9444444444444444","0.0","1.0","-1.0","0.0","0.0","0.0","","44.05854367641753","","","","","44.05854367641753","","","44.05854367641753","","","","1.0","1.0","0.0","1.0","","","","","0.0","-0.4","0.4","-0.0","-0.4","0.0","-0.4","-inf","0.0","-0.4","0.4","-0.0","5.5","5.5","0.0","1.0","2.6666666666666665","5.5","-2.8333333333333335","0.4848484848484848","5.5","4.083333333333333","1.416666666666667","1.3469387755102042","5.5","8.166666666666666","-2.666666666666666","0.6734693877551021","0.0","-0.4","0.4","-0.0"
"22449","23679","InvertedHeuristics","differentLengthRulesNeitherDisjunctNorSubsumingAtt","TRAFFIC","No preference","dfInvertedHeuristicsOther","0","1.0","2.0","-1.0","0.5","6","6","0","1.0","6","6","0","1.0","18","58","-40","0.3103448275862069","18","41","-23","0.43902439024390244","18","29","-11","0.6206896551724138","17","18","-1","0.9444444444444444","0.0","1.0","-1.0","0.0","0.0","0.0","","44.05854367641753","","","","","44.05854367641753","","","44.05854367641753","","","","1.0","1.0","0.0","1.0","","","","","0.0","-0.4","0.4","-0.0","-0.4","0.0","-0.4","-inf","0.0","-0.4","0.4","-0.0","5.5","5.5","0.0","1.0","2.6666666666666665","5.5","-2.8333333333333335","0.4848484848484848","5.5","4.083333333333333","1.416666666666667","1.3469387755102042","5.5","8.166666666666666","-2.666666666666666","0.6734693877551021","0.0","-0.4","0.4","-0.0"
"22449","23679","InvertedHeuristics","differentLengthRulesNeitherDisjunctNorSubsumingAtt","TRAFFIC","No preference","dfInvertedHeuristicsOther","0","1.0","2.0","-1.0","0.5","6","6","0","1.0","6","6","0","1.0","18","58","-40","0.3103448275862069","18","41","-23","0.43902439024390244","18","29","-11","0.6206896551724138","17","18","-1","0.9444444444444444","0.0","1.0","-1.0","0.0","0.0","0.0","","44.05854367641753","","","","","44.05854367641753","","","44.05854367641753","","","","1.0","1.0","0.0","1.0","","","","","0.0","-0.4","0.4","-0.0","-0.4","0.0","-0.4","-inf","0.0","-0.4","0.4","-0.0","5.5","5.5","0.0","1.0","2.6666666666666665","5.5","-2.8333333333333335","0.4848484848484848","5.5","4.083333333333333","1.416666666666667","1.3469387755102042","5.5","8.166666666666666","-2.666666666666666","0.6734693877551021","0.0","-0.4","0.4","-0.0"
"22449","23679","InvertedHeuristics","differentLengthRulesNeitherDisjunctNorSubsumingAtt","TRAFFIC","Rule 2 (weak preference)","dfInvertedHeuristicsOther","-1","1.0","2.0","-1.0","0.5","6","6","0","1.0","6","6","0","1.0","18","58","-40","0.3103448275862069","18","41","-23","0.43902439024390244","18","29","-11","0.6206896551724138","17","18","-1","0.9444444444444444","0.0","1.0","-1.0","0.0","0.0","0.0","","44.05854367641753","","","","","44.05854367641753","","","44.05854367641753","","","","1.0","1.0","0.0","1.0","","","","","0.0","-0.4","0.4","-0.0","-0.4","0.0","-0.4","-inf","0.0","-0.4","0.4","-0.0","5.5","5.5","0.0","1.0","2.6666666666666665","5.5","-2.8333333333333335","0.4848484848484848","5.5","4.083333333333333","1.416666666666667","1.3469387755102042","5.5","8.166666666666666","-2.666666666666666","0.6734693877551021","0.0","-0.4","0.4","-0.0"
"22449","23679","InvertedHeuristics","differentLengthRulesNeitherDisjunctNorSubsumingAtt","TRAFFIC","No preference","dfInvertedHeuristicsOther","0","1.0","2.0","-1.0","0.5","6","6","0","1.0","6","6","0","1.0","18","58","-40","0.3103448275862069","18","41","-23","0.43902439024390244","18","29","-11","0.6206896551724138","17","18","-1","0.9444444444444444","0.0","1.0","-1.0","0.0","0.0","0.0","","44.05854367641753","","","","","44.05854367641753","","","44.05854367641753","","","","1.0","1.0","0.0","1.0","","","","","0.0","-0.4","0.4","-0.0","-0.4","0.0","-0.4","-inf","0.0","-0.4","0.4","-0.0","5.5","5.5","0.0","1.0","2.6666666666666665","5.5","-2.8333333333333335","0.4848484848484848","5.5","4.083333333333333","1.416666666666667","1.3469387755102042","5.5","8.166666666666666","-2.666666666666666","0.6734693877551021","0.0","-0.4","0.4","-0.0"
"738","2803","arules","differentLengthRulesNeitherDisjunctNorSubsumingAtt","TRAFFIC","Rule 2 (weak preference)","differentLengthRulesR2subsumingR1AttH","-1","3.0","4.0","-1.0","0.75","6","6","0","1.0","4","4","0","1.0","112","142","-30","0.7887323943661971","38","38","0","1.0","37","35","2","1.0571428571428572","30","37","-7","0.8108108108108109","1.0","1.0","0.0","1.0","6.0","0.0","1.0","58.6509084091644","147.66141060512453","-89.01050219596013","0.3971986192520427","2.217516700693478","2.217516700693478","0.0","1.0","21.45702674329901","53.00812270875539","-31.551095965456376","0.4047875240025231","1.0","1.0","0.0","1.0","0.0136986301369863","0.0136986301369863","0.0","1.0","0.0","0.0","0.0","","-0.2","-0.2","0.0","1.0","-0.13333333333333333","-0.1","-0.033333333333333326","1.3333333333333333","5.5","5.5","0.0","1.0","1.3333333333333333","1.3333333333333333","0.0","1.0","2.833333333333333","2.833333333333333","0.0","1.0","8.5","8.5","0.0","1.0","-0.4","-0.4","0.0","1.0"
"738","2803","arules","differentLengthRulesNeitherDisjunctNorSubsumingAtt","TRAFFIC","Rule 2 (strong preference)","differentLengthRulesR2subsumingR1AttH","-2","3.0","4.0","-1.0","0.75","6","6","0","1.0","4","4","0","1.0","112","142","-30","0.7887323943661971","38","38","0","1.0","37","35","2","1.0571428571428572","30","37","-7","0.8108108108108109","1.0","1.0","0.0","1.0","6.0","0.0","1.0","58.6509084091644","147.66141060512453","-89.01050219596013","0.3971986192520427","2.217516700693478","2.217516700693478","0.0","1.0","21.45702674329901","53.00812270875539","-31.551095965456376","0.4047875240025231","1.0","1.0","0.0","1.0","0.0136986301369863","0.0136986301369863","0.0","1.0","0.0","0.0","0.0","","-0.2","-0.2","0.0","1.0","-0.13333333333333333","-0.1","-0.033333333333333326","1.3333333333333333","5.5","5.5","0.0","1.0","1.3333333333333333","1.3333333333333333","0.0","1.0","2.833333333333333","2.833333333333333","0.0","1.0","8.5","8.5","0.0","1.0","-0.4","-0.4","0.0","1.0"
"738","2803","arules","differentLengthRulesNeitherDisjunctNorSubsumingAtt","TRAFFIC","No preference","differentLengthRulesR2subsumingR1AttH","0","3.0","4.0","-1.0","0.75","6","6","0","1.0","4","4","0","1.0","112","142","-30","0.7887323943661971","38","38","0","1.0","37","35","2","1.0571428571428572","30","37","-7","0.8108108108108109","1.0","1.0","0.0","1.0","6.0","0.0","1.0","58.6509084091644","147.66141060512453","-89.01050219596013","0.3971986192520427","2.217516700693478","2.217516700693478","0.0","1.0","21.45702674329901","53.00812270875539","-31.551095965456376","0.4047875240025231","1.0","1.0","0.0","1.0","0.0136986301369863","0.0136986301369863","0.0","1.0","0.0","0.0","0.0","","-0.2","-0.2","0.0","1.0","-0.13333333333333333","-0.1","-0.033333333333333326","1.3333333333333333","5.5","5.5","0.0","1.0","1.3333333333333333","1.3333333333333333","0.0","1.0","2.833333333333333","2.833333333333333","0.0","1.0","8.5","8.5","0.0","1.0","-0.4","-0.4","0.0","1.0"
"738","2803","arules","differentLengthRulesNeitherDisjunctNorSubsumingAtt","TRAFFIC","Rule 2 (weak preference)","differentLengthRulesR2subsumingR1AttH","-1","3.0","4.0","-1.0","0.75","6","6","0","1.0","4","4","0","1.0","112","142","-30","0.7887323943661971","38","38","0","1.0","37","35","2","1.0571428571428572","30","37","-7","0.8108108108108109","1.0","1.0","0.0","1.0","6.0","0.0","1.0","58.6509084091644","147.66141060512453","-89.01050219596013","0.3971986192520427","2.217516700693478","2.217516700693478","0.0","1.0","21.45702674329901","53.00812270875539","-31.551095965456376","0.4047875240025231","1.0","1.0","0.0","1.0","0.0136986301369863","0.0136986301369863","0.0","1.0","0.0","0.0","0.0","","-0.2","-0.2","0.0","1.0","-0.13333333333333333","-0.1","-0.033333333333333326","1.3333333333333333","5.5","5.5","0.0","1.0","1.3333333333333333","1.3333333333333333","0.0","1.0","2.833333333333333","2.833333333333333","0.0","1.0","8.5","8.5","0.0","1.0","-0.4","-0.4","0.0","1.0"
"738","2803","arules","differentLengthRulesNeitherDisjunctNorSubsumingAtt","TRAFFIC","No preference","differentLengthRulesR2subsumingR1AttH","0","3.0","4.0","-1.0","0.75","6","6","0","1.0","4","4","0","1.0","112","142","-30","0.7887323943661971","38","38","0","1.0","37","35","2","1.0571428571428572","30","37","-7","0.8108108108108109","1.0","1.0","0.0","1.0","6.0","0.0","1.0","58.6509084091644","147.66141060512453","-89.01050219596013","0.3971986192520427","2.217516700693478","2.217516700693478","0.0","1.0","21.45702674329901","53.00812270875539","-31.551095965456376","0.4047875240025231","1.0","1.0","0.0","1.0","0.0136986301369863","0.0136986301369863","0.0","1.0","0.0","0.0","0.0","","-0.2","-0.2","0.0","1.0","-0.13333333333333333","-0.1","-0.033333333333333326","1.3333333333333333","5.5","5.5","0.0","1.0","1.3333333333333333","1.3333333333333333","0.0","1.0","2.833333333333333","2.833333333333333","0.0","1.0","8.5","8.5","0.0","1.0","-0.4","-0.4","0.0","1.0"
"1224","4550","arules","differentLengthRulesNeitherDisjunctNorSubsumingAtt","TRAFFIC","Rule 1 (weak preference)","differentLengthRulesDisjunctAttH","1","3.0","4.0","-1.0","0.75","6","6","0","1.0","4","6","-2","0.6666666666666666","95","113","-18","0.8407079646017699","37","38","-1","0.9736842105263158","31","28","3","1.1071428571428572","19","28","-9","0.6785714285714286","1.0","1.0","0.0","1.0","1.0","0.0","1.0","147.66141060512453","24.257330954437165","123.40407965068736","6.087290101391564","0.8017521073589119","4.289349562824373","-3.4875974554654614","0.18691694291080083","54.25600334109024","13.302094939634257","40.95390840145598","4.078756285179695","1.0","1.0","0.0","1.0","0.0205479452054795","0.0205479452054795","0.0","1.0","0.0","0.6","-0.6","0.0","-0.2","-0.2","0.0","1.0","-0.06666666666666668","0.2","-0.2666666666666667","-0.33333333333333337","5.5","5.5","0.0","1.0","1.6666666666666667","1.3333333333333333","0.3333333333333335","1.2500000000000002","2.833333333333333","3.2222222222222228","-0.3888888888888897","0.879310344827586","8.5","9.666666666666668","-1.1666666666666679","0.8793103448275861","-0.2","0.8","-1.0","-0.25"
"1224","4550","arules","differentLengthRulesNeitherDisjunctNorSubsumingAtt","TRAFFIC","Rule 1 (strong preference)","differentLengthRulesDisjunctAttH","2","3.0","4.0","-1.0","0.75","6","6","0","1.0","4","6","-2","0.6666666666666666","95","113","-18","0.8407079646017699","37","38","-1","0.9736842105263158","31","28","3","1.1071428571428572","19","28","-9","0.6785714285714286","1.0","1.0","0.0","1.0","1.0","0.0","1.0","147.66141060512453","24.257330954437165","123.40407965068736","6.087290101391564","0.8017521073589119","4.289349562824373","-3.4875974554654614","0.18691694291080083","54.25600334109024","13.302094939634257","40.95390840145598","4.078756285179695","1.0","1.0","0.0","1.0","0.0205479452054795","0.0205479452054795","0.0","1.0","0.0","0.6","-0.6","0.0","-0.2","-0.2","0.0","1.0","-0.06666666666666668","0.2","-0.2666666666666667","-0.33333333333333337","5.5","5.5","0.0","1.0","1.6666666666666667","1.3333333333333333","0.3333333333333335","1.2500000000000002","2.833333333333333","3.2222222222222228","-0.3888888888888897","0.879310344827586","8.5","9.666666666666668","-1.1666666666666679","0.8793103448275861","-0.2","0.8","-1.0","-0.25"
"1224","4550","arules","differentLengthRulesNeitherDisjunctNorSubsumingAtt","TRAFFIC","Rule 2 (weak preference)","differentLengthRulesDisjunctAttH","-1","3.0","4.0","-1.0","0.75","6","6","0","1.0","4","6","-2","0.6666666666666666","95","113","-18","0.8407079646017699","37","38","-1","0.9736842105263158","31","28","3","1.1071428571428572","19","28","-9","0.6785714285714286","1.0","1.0","0.0","1.0","1.0","0.0","1.0","147.66141060512453","24.257330954437165","123.40407965068736","6.087290101391564","0.8017521073589119","4.289349562824373","-3.4875974554654614","0.18691694291080083","54.25600334109024","13.302094939634257","40.95390840145598","4.078756285179695","1.0","1.0","0.0","1.0","0.0205479452054795","0.0205479452054795","0.0","1.0","0.0","0.6","-0.6","0.0","-0.2","-0.2","0.0","1.0","-0.06666666666666668","0.2","-0.2666666666666667","-0.33333333333333337","5.5","5.5","0.0","1.0","1.6666666666666667","1.3333333333333333","0.3333333333333335","1.2500000000000002","2.833333333333333","3.2222222222222228","-0.3888888888888897","0.879310344827586","8.5","9.666666666666668","-1.1666666666666679","0.8793103448275861","-0.2","0.8","-1.0","-0.25"
"1224","4550","arules","differentLengthRulesNeitherDisjunctNorSubsumingAtt","TRAFFIC","Rule 2 (strong preference)","differentLengthRulesDisjunctAttH","-2","3.0","4.0","-1.0","0.75","6","6","0","1.0","4","6","-2","0.6666666666666666","95","113","-18","0.8407079646017699","37","38","-1","0.9736842105263158","31","28","3","1.1071428571428572","19","28","-9","0.6785714285714286","1.0","1.0","0.0","1.0","1.0","0.0","1.0","147.66141060512453","24.257330954437165","123.40407965068736","6.087290101391564","0.8017521073589119","4.289349562824373","-3.4875974554654614","0.18691694291080083","54.25600334109024","13.302094939634257","40.95390840145598","4.078756285179695","1.0","1.0","0.0","1.0","0.0205479452054795","0.0205479452054795","0.0","1.0","0.0","0.6","-0.6","0.0","-0.2","-0.2","0.0","1.0","-0.06666666666666668","0.2","-0.2666666666666667","-0.33333333333333337","5.5","5.5","0.0","1.0","1.6666666666666667","1.3333333333333333","0.3333333333333335","1.2500000000000002","2.833333333333333","3.2222222222222228","-0.3888888888888897","0.879310344827586","8.5","9.666666666666668","-1.1666666666666679","0.8793103448275861","-0.2","0.8","-1.0","-0.25"
"1224","4550","arules","differentLengthRulesNeitherDisjunctNorSubsumingAtt","TRAFFIC","No preference","differentLengthRulesDisjunctAttH","0","3.0","4.0","-1.0","0.75","6","6","0","1.0","4","6","-2","0.6666666666666666","95","113","-18","0.8407079646017699","37","38","-1","0.9736842105263158","31","28","3","1.1071428571428572","19","28","-9","0.6785714285714286","1.0","1.0","0.0","1.0","1.0","0.0","1.0","147.66141060512453","24.257330954437165","123.40407965068736","6.087290101391564","0.8017521073589119","4.289349562824373","-3.4875974554654614","0.18691694291080083","54.25600334109024","13.302094939634257","40.95390840145598","4.078756285179695","1.0","1.0","0.0","1.0","0.0205479452054795","0.0205479452054795","0.0","1.0","0.0","0.6","-0.6","0.0","-0.2","-0.2","0.0","1.0","-0.06666666666666668","0.2","-0.2666666666666667","-0.33333333333333337","5.5","5.5","0.0","1.0","1.6666666666666667","1.3333333333333333","0.3333333333333335","1.2500000000000002","2.833333333333333","3.2222222222222228","-0.3888888888888897","0.879310344827586","8.5","9.666666666666668","-1.1666666666666679","0.8793103448275861","-0.2","0.8","-1.0","-0.25"
"7515","7361","arules","differentLengthRulesNeitherDisjunctNorSubsumingAtt","TRAFFIC","Rule 2 (strong preference)","differentLengthRulesR1subsumingR2AttH","-2","4.0","1.0","3.0","4.0","6","6","0","1.0","6","6","0","1.0","143","37","106","3.864864864864865","38","37","1","1.027027027027027","35","37","-2","0.9459459459459459","37","30","7","1.2333333333333334","1.0","0.0","1.0","","1.0","0.0","1.0","147.66141060512453","2.581981632649552","145.07942897247497","57.189179325647956","2.581981632649552","2.581981632649552","0.0","1.0","61.14717533265751","2.581981632649552","58.56519370000796","23.682265806790465","0.75","0.75","0.0","1.0","0.0205479452054795","0.0205479452054795","0.0","1.0","0.0","0.0","0.0","","0.0","0.0","0.0","","0.0","0.0","0.0","","5.5","1.3333333333333333","4.166666666666667","4.125","1.3333333333333333","1.3333333333333333","0.0","1.0","2.833333333333333","1.3333333333333333","1.4999999999999998","2.125","8.5","1.3333333333333333","7.166666666666667","6.375","0.0","0.0","0.0",""
"7515","7361","arules","differentLengthRulesNeitherDisjunctNorSubsumingAtt","TRAFFIC","Rule 1 (weak preference)","differentLengthRulesR1subsumingR2AttH","1","4.0","1.0","3.0","4.0","6","6","0","1.0","6","6","0","1.0","143","37","106","3.864864864864865","38","37","1","1.027027027027027","35","37","-2","0.9459459459459459","37","30","7","1.2333333333333334","1.0","0.0","1.0","","1.0","0.0","1.0","147.66141060512453","2.581981632649552","145.07942897247497","57.189179325647956","2.581981632649552","2.581981632649552","0.0","1.0","61.14717533265751","2.581981632649552","58.56519370000796","23.682265806790465","0.75","0.75","0.0","1.0","0.0205479452054795","0.0205479452054795","0.0","1.0","0.0","0.0","0.0","","0.0","0.0","0.0","","0.0","0.0","0.0","","5.5","1.3333333333333333","4.166666666666667","4.125","1.3333333333333333","1.3333333333333333","0.0","1.0","2.833333333333333","1.3333333333333333","1.4999999999999998","2.125","8.5","1.3333333333333333","7.166666666666667","6.375","0.0","0.0","0.0",""
"7515","7361","arules","differentLengthRulesNeitherDisjunctNorSubsumingAtt","TRAFFIC","Rule 2 (strong preference)","differentLengthRulesR1subsumingR2AttH","-2","4.0","1.0","3.0","4.0","6","6","0","1.0","6","6","0","1.0","143","37","106","3.864864864864865","38","37","1","1.027027027027027","35","37","-2","0.9459459459459459","37","30","7","1.2333333333333334","1.0","0.0","1.0","","1.0","0.0","1.0","147.66141060512453","2.581981632649552","145.07942897247497","57.189179325647956","2.581981632649552","2.581981632649552","0.0","1.0","61.14717533265751","2.581981632649552","58.56519370000796","23.682265806790465","0.75","0.75","0.0","1.0","0.0205479452054795","0.0205479452054795","0.0","1.0","0.0","0.0","0.0","","0.0","0.0","0.0","","0.0","0.0","0.0","","5.5","1.3333333333333333","4.166666666666667","4.125","1.3333333333333333","1.3333333333333333","0.0","1.0","2.833333333333333","1.3333333333333333","1.4999999999999998","2.125","8.5","1.3333333333333333","7.166666666666667","6.375","0.0","0.0","0.0",""
"7515","7361","arules","differentLengthRulesNeitherDisjunctNorSubsumingAtt","TRAFFIC","Rule 2 (weak preference)","differentLengthRulesR1subsumingR2AttH","-1","4.0","1.0","3.0","4.0","6","6","0","1.0","6","6","0","1.0","143","37","106","3.864864864864865","38","37","1","1.027027027027027","35","37","-2","0.9459459459459459","37","30","7","1.2333333333333334","1.0","0.0","1.0","","1.0","0.0","1.0","147.66141060512453","2.581981632649552","145.07942897247497","57.189179325647956","2.581981632649552","2.581981632649552","0.0","1.0","61.14717533265751","2.581981632649552","58.56519370000796","23.682265806790465","0.75","0.75","0.0","1.0","0.0205479452054795","0.0205479452054795","0.0","1.0","0.0","0.0","0.0","","0.0","0.0","0.0","","0.0","0.0","0.0","","5.5","1.3333333333333333","4.166666666666667","4.125","1.3333333333333333","1.3333333333333333","0.0","1.0","2.833333333333333","1.3333333333333333","1.4999999999999998","2.125","8.5","1.3333333333333333","7.166666666666667","6.375","0.0","0.0","0.0",""
"7515","7361","arules","differentLengthRulesNeitherDisjunctNorSubsumingAtt","TRAFFIC","Rule 2 (weak preference)","differentLengthRulesR1subsumingR2AttH","-1","4.0","1.0","3.0","4.0","6","6","0","1.0","6","6","0","1.0","143","37","106","3.864864864864865","38","37","1","1.027027027027027","35","37","-2","0.9459459459459459","37","30","7","1.2333333333333334","1.0","0.0","1.0","","1.0","0.0","1.0","147.66141060512453","2.581981632649552","145.07942897247497","57.189179325647956","2.581981632649552","2.581981632649552","0.0","1.0","61.14717533265751","2.581981632649552","58.56519370000796","23.682265806790465","0.75","0.75","0.0","1.0","0.0205479452054795","0.0205479452054795","0.0","1.0","0.0","0.0","0.0","","0.0","0.0","0.0","","0.0","0.0","0.0","","5.5","1.3333333333333333","4.166666666666667","4.125","1.3333333333333333","1.3333333333333333","0.0","1.0","2.833333333333333","1.3333333333333333","1.4999999999999998","2.125","8.5","1.3333333333333333","7.166666666666667","6.375","0.0","0.0","0.0",""
"502","2426","arules","differentLengthRulesNeitherDisjunctNorSubsumingAtt","TRAFFIC","Rule 1 (strong preference)","differentLengthRulesDisjunctAttL","2","2.0","3.0","-1.0","0.6666666666666666","6","6","0","1.0","6","4","2","1.5","43","98","-55","0.4387755102040816","28","38","-10","0.7368421052631579","21","32","-11","0.65625","30","15","15","2.0","4.0","1.0","3.0","4.0","6.0","0.0","1.0","46.3738760223948","147.66141060512453","-101.28753458272973","0.3140554856705765","33.26790151007305","0.8240554188985888","32.443846091174464","40.37095169465431","23.598965720646696","72.20790426629638","-48.608938545649686","0.32681970153316997","1.0","1.0","0.0","1.0","0.0205479452054795","0.0205479452054795","0.0","1.0","0.0","0.2","-0.2","0.0","0.0","-0.4","0.4","-0.0","-0.2","0.06666666666666668","-0.2666666666666667","-2.9999999999999996","5.5","5.5","0.0","1.0","5.5","2.5","3.0","2.2","4.0","5.5","-1.5","0.7272727272727273","8.0","5.5","2.5","1.4545454545454546","-0.4","0.2","-0.6000000000000001","-2.0"
"502","2426","arules","differentLengthRulesNeitherDisjunctNorSubsumingAtt","TRAFFIC","Rule 2 (strong preference)","differentLengthRulesDisjunctAttL","-2","2.0","3.0","-1.0","0.6666666666666666","6","6","0","1.0","6","4","2","1.5","43","98","-55","0.4387755102040816","28","38","-10","0.7368421052631579","21","32","-11","0.65625","30","15","15","2.0","4.0","1.0","3.0","4.0","6.0","0.0","1.0","46.3738760223948","147.66141060512453","-101.28753458272973","0.3140554856705765","33.26790151007305","0.8240554188985888","32.443846091174464","40.37095169465431","23.598965720646696","72.20790426629638","-48.608938545649686","0.32681970153316997","1.0","1.0","0.0","1.0","0.0205479452054795","0.0205479452054795","0.0","1.0","0.0","0.2","-0.2","0.0","0.0","-0.4","0.4","-0.0","-0.2","0.06666666666666668","-0.2666666666666667","-2.9999999999999996","5.5","5.5","0.0","1.0","5.5","2.5","3.0","2.2","4.0","5.5","-1.5","0.7272727272727273","8.0","5.5","2.5","1.4545454545454546","-0.4","0.2","-0.6000000000000001","-2.0"
"502","2426","arules","differentLengthRulesNeitherDisjunctNorSubsumingAtt","TRAFFIC","No preference","differentLengthRulesDisjunctAttL","0","2.0","3.0","-1.0","0.6666666666666666","6","6","0","1.0","6","4","2","1.5","43","98","-55","0.4387755102040816","28","38","-10","0.7368421052631579","21","32","-11","0.65625","30","15","15","2.0","4.0","1.0","3.0","4.0","6.0","0.0","1.0","46.3738760223948","147.66141060512453","-101.28753458272973","0.3140554856705765","33.26790151007305","0.8240554188985888","32.443846091174464","40.37095169465431","23.598965720646696","72.20790426629638","-48.608938545649686","0.32681970153316997","1.0","1.0","0.0","1.0","0.0205479452054795","0.0205479452054795","0.0","1.0","0.0","0.2","-0.2","0.0","0.0","-0.4","0.4","-0.0","-0.2","0.06666666666666668","-0.2666666666666667","-2.9999999999999996","5.5","5.5","0.0","1.0","5.5","2.5","3.0","2.2","4.0","5.5","-1.5","0.7272727272727273","8.0","5.5","2.5","1.4545454545454546","-0.4","0.2","-0.6000000000000001","-2.0"
"502","2426","arules","differentLengthRulesNeitherDisjunctNorSubsumingAtt","TRAFFIC","Rule 1 (weak preference)","differentLengthRulesDisjunctAttL","1","2.0","3.0","-1.0","0.6666666666666666","6","6","0","1.0","6","4","2","1.5","43","98","-55","0.4387755102040816","28","38","-10","0.7368421052631579","21","32","-11","0.65625","30","15","15","2.0","4.0","1.0","3.0","4.0","6.0","0.0","1.0","46.3738760223948","147.66141060512453","-101.28753458272973","0.3140554856705765","33.26790151007305","0.8240554188985888","32.443846091174464","40.37095169465431","23.598965720646696","72.20790426629638","-48.608938545649686","0.32681970153316997","1.0","1.0","0.0","1.0","0.0205479452054795","0.0205479452054795","0.0","1.0","0.0","0.2","-0.2","0.0","0.0","-0.4","0.4","-0.0","-0.2","0.06666666666666668","-0.2666666666666667","-2.9999999999999996","5.5","5.5","0.0","1.0","5.5","2.5","3.0","2.2","4.0","5.5","-1.5","0.7272727272727273","8.0","5.5","2.5","1.4545454545454546","-0.4","0.2","-0.6000000000000001","-2.0"
"502","2426","arules","differentLengthRulesNeitherDisjunctNorSubsumingAtt","TRAFFIC","No preference","differentLengthRulesDisjunctAttL","0","2.0","3.0","-1.0","0.6666666666666666","6","6","0","1.0","6","4","2","1.5","43","98","-55","0.4387755102040816","28","38","-10","0.7368421052631579","21","32","-11","0.65625","30","15","15","2.0","4.0","1.0","3.0","4.0","6.0","0.0","1.0","46.3738760223948","147.66141060512453","-101.28753458272973","0.3140554856705765","33.26790151007305","0.8240554188985888","32.443846091174464","40.37095169465431","23.598965720646696","72.20790426629638","-48.608938545649686","0.32681970153316997","1.0","1.0","0.0","1.0","0.0205479452054795","0.0205479452054795","0.0","1.0","0.0","0.2","-0.2","0.0","0.0","-0.4","0.4","-0.0","-0.2","0.06666666666666668","-0.2666666666666667","-2.9999999999999996","5.5","5.5","0.0","1.0","5.5","2.5","3.0","2.2","4.0","5.5","-1.5","0.7272727272727273","8.0","5.5","2.5","1.4545454545454546","-0.4","0.2","-0.6000000000000001","-2.0"
"51017","73694","InvertedHeuristics","differentLengthRulesNeitherDisjunctNorSubsumingAtt","TRAFFIC","Rule 1 (weak preference)","dfInvertedHeuristicsLargeDiffInRuleLen","1","1.0","3.0","-2.0","0.3333333333333333","6","6","0","1.0","6","6","0","1.0","37","113","-76","0.3274336283185841","37","38","-1","0.9736842105263158","37","37","0","1.0","37","37","0","1.0","0.0","1.0","-1.0","0.0","0.0","0.0","","1.5085148149921757","58.6509084091644","-57.142393594172226","0.025720229335040704","1.5085148149921757","1.5085148149921757","0.0","1.0","1.5085148149921757","31.951274635949375","-30.4427598209572","0.04721297764111416","1.0","1.0","0.0","1.0","","","","","0.0","0.0","0.0","","0.0","0.0","0.0","","0.0","0.0","0.0","","1.3333333333333333","5.5","-4.166666666666667","0.2424242424242424","1.3333333333333333","1.3333333333333333","0.0","1.0","1.3333333333333333","2.833333333333333","-1.4999999999999998","0.4705882352941177","1.3333333333333333","8.5","-7.166666666666667","0.1568627450980392","0.0","0.0","0.0",""
"51017","73694","InvertedHeuristics","differentLengthRulesNeitherDisjunctNorSubsumingAtt","TRAFFIC","Rule 2 (weak preference)","dfInvertedHeuristicsLargeDiffInRuleLen","-1","1.0","3.0","-2.0","0.3333333333333333","6","6","0","1.0","6","6","0","1.0","37","113","-76","0.3274336283185841","37","38","-1","0.9736842105263158","37","37","0","1.0","37","37","0","1.0","0.0","1.0","-1.0","0.0","0.0","0.0","","1.5085148149921757","58.6509084091644","-57.142393594172226","0.025720229335040704","1.5085148149921757","1.5085148149921757","0.0","1.0","1.5085148149921757","31.951274635949375","-30.4427598209572","0.04721297764111416","1.0","1.0","0.0","1.0","","","","","0.0","0.0","0.0","","0.0","0.0","0.0","","0.0","0.0","0.0","","1.3333333333333333","5.5","-4.166666666666667","0.2424242424242424","1.3333333333333333","1.3333333333333333","0.0","1.0","1.3333333333333333","2.833333333333333","-1.4999999999999998","0.4705882352941177","1.3333333333333333","8.5","-7.166666666666667","0.1568627450980392","0.0","0.0","0.0",""
"51017","73694","InvertedHeuristics","differentLengthRulesNeitherDisjunctNorSubsumingAtt","TRAFFIC","Rule 2 (strong preference)","dfInvertedHeuristicsLargeDiffInRuleLen","-2","1.0","3.0","-2.0","0.3333333333333333","6","6","0","1.0","6","6","0","1.0","37","113","-76","0.3274336283185841","37","38","-1","0.9736842105263158","37","37","0","1.0","37","37","0","1.0","0.0","1.0","-1.0","0.0","0.0","0.0","","1.5085148149921757","58.6509084091644","-57.142393594172226","0.025720229335040704","1.5085148149921757","1.5085148149921757","0.0","1.0","1.5085148149921757","31.951274635949375","-30.4427598209572","0.04721297764111416","1.0","1.0","0.0","1.0","","","","","0.0","0.0","0.0","","0.0","0.0","0.0","","0.0","0.0","0.0","","1.3333333333333333","5.5","-4.166666666666667","0.2424242424242424","1.3333333333333333","1.3333333333333333","0.0","1.0","1.3333333333333333","2.833333333333333","-1.4999999999999998","0.4705882352941177","1.3333333333333333","8.5","-7.166666666666667","0.1568627450980392","0.0","0.0","0.0",""
"51017","73694","InvertedHeuristics","differentLengthRulesNeitherDisjunctNorSubsumingAtt","TRAFFIC","Rule 2 (strong preference)","dfInvertedHeuristicsLargeDiffInRuleLen","-2","1.0","3.0","-2.0","0.3333333333333333","6","6","0","1.0","6","6","0","1.0","37","113","-76","0.3274336283185841","37","38","-1","0.9736842105263158","37","37","0","1.0","37","37","0","1.0","0.0","1.0","-1.0","0.0","0.0","0.0","","1.5085148149921757","58.6509084091644","-57.142393594172226","0.025720229335040704","1.5085148149921757","1.5085148149921757","0.0","1.0","1.5085148149921757","31.951274635949375","-30.4427598209572","0.04721297764111416","1.0","1.0","0.0","1.0","","","","","0.0","0.0","0.0","","0.0","0.0","0.0","","0.0","0.0","0.0","","1.3333333333333333","5.5","-4.166666666666667","0.2424242424242424","1.3333333333333333","1.3333333333333333","0.0","1.0","1.3333333333333333","2.833333333333333","-1.4999999999999998","0.4705882352941177","1.3333333333333333","8.5","-7.166666666666667","0.1568627450980392","0.0","0.0","0.0",""
"51017","73694","InvertedHeuristics","differentLengthRulesNeitherDisjunctNorSubsumingAtt","TRAFFIC","Rule 2 (strong preference)","dfInvertedHeuristicsLargeDiffInRuleLen","-2","1.0","3.0","-2.0","0.3333333333333333","6","6","0","1.0","6","6","0","1.0","37","113","-76","0.3274336283185841","37","38","-1","0.9736842105263158","37","37","0","1.0","37","37","0","1.0","0.0","1.0","-1.0","0.0","0.0","0.0","","1.5085148149921757","58.6509084091644","-57.142393594172226","0.025720229335040704","1.5085148149921757","1.5085148149921757","0.0","1.0","1.5085148149921757","31.951274635949375","-30.4427598209572","0.04721297764111416","1.0","1.0","0.0","1.0","","","","","0.0","0.0","0.0","","0.0","0.0","0.0","","0.0","0.0","0.0","","1.3333333333333333","5.5","-4.166666666666667","0.2424242424242424","1.3333333333333333","1.3333333333333333","0.0","1.0","1.3333333333333333","2.833333333333333","-1.4999999999999998","0.4705882352941177","1.3333333333333333","8.5","-7.166666666666667","0.1568627450980392","0.0","0.0","0.0",""
"1575","3866","arules","differentLengthRulesNeitherDisjunctNorSubsumingAtt","TRAFFIC","Rule 2 (strong preference)","differentLengthRulesDisjunctAttH","-2","3.0","4.0","-1.0","0.75","6","6","0","1.0","6","4","2","1.5","94","142","-48","0.6619718309859155","38","38","0","1.0","31","35","-4","0.8857142857142857","29","19","10","1.5263157894736843","1.0","1.0","0.0","1.0","6.0","0.0","1.0","24.257330954437165","58.6509084091644","-34.393577454727236","0.4135883247572492","4.289349562824373","2.217516700693478","2.0718328621308952","1.9343031605953527","10.17260225753848","30.685249058734122","-20.512646801195643","0.3315144106559889","1.0","1.0","0.0","1.0","0.0136986301369863","0.0136986301369863","0.0","1.0","0.6","0.4","0.19999999999999996","1.4999999999999998","0.0","-0.2","0.2","-0.0","0.13333333333333333","0.1","0.033333333333333326","1.3333333333333333","5.5","5.5","0.0","1.0","1.3333333333333333","1.6666666666666667","-0.3333333333333335","0.7999999999999999","3.2222222222222228","2.833333333333333","0.3888888888888897","1.1372549019607847","9.666666666666668","8.5","1.1666666666666679","1.1372549019607845","0.4","0.4","0.0","1.0"
"1575","3866","arules","differentLengthRulesNeitherDisjunctNorSubsumingAtt","TRAFFIC","Rule 1 (strong preference)","differentLengthRulesDisjunctAttH","2","3.0","4.0","-1.0","0.75","6","6","0","1.0","6","4","2","1.5","94","142","-48","0.6619718309859155","38","38","0","1.0","31","35","-4","0.8857142857142857","29","19","10","1.5263157894736843","1.0","1.0","0.0","1.0","6.0","0.0","1.0","24.257330954437165","58.6509084091644","-34.393577454727236","0.4135883247572492","4.289349562824373","2.217516700693478","2.0718328621308952","1.9343031605953527","10.17260225753848","30.685249058734122","-20.512646801195643","0.3315144106559889","1.0","1.0","0.0","1.0","0.0136986301369863","0.0136986301369863","0.0","1.0","0.6","0.4","0.19999999999999996","1.4999999999999998","0.0","-0.2","0.2","-0.0","0.13333333333333333","0.1","0.033333333333333326","1.3333333333333333","5.5","5.5","0.0","1.0","1.3333333333333333","1.6666666666666667","-0.3333333333333335","0.7999999999999999","3.2222222222222228","2.833333333333333","0.3888888888888897","1.1372549019607847","9.666666666666668","8.5","1.1666666666666679","1.1372549019607845","0.4","0.4","0.0","1.0"
"1575","3866","arules","differentLengthRulesNeitherDisjunctNorSubsumingAtt","TRAFFIC","Rule 1 (strong preference)","differentLengthRulesDisjunctAttH","2","3.0","4.0","-1.0","0.75","6","6","0","1.0","6","4","2","1.5","94","142","-48","0.6619718309859155","38","38","0","1.0","31","35","-4","0.8857142857142857","29","19","10","1.5263157894736843","1.0","1.0","0.0","1.0","6.0","0.0","1.0","24.257330954437165","58.6509084091644","-34.393577454727236","0.4135883247572492","4.289349562824373","2.217516700693478","2.0718328621308952","1.9343031605953527","10.17260225753848","30.685249058734122","-20.512646801195643","0.3315144106559889","1.0","1.0","0.0","1.0","0.0136986301369863","0.0136986301369863","0.0","1.0","0.6","0.4","0.19999999999999996","1.4999999999999998","0.0","-0.2","0.2","-0.0","0.13333333333333333","0.1","0.033333333333333326","1.3333333333333333","5.5","5.5","0.0","1.0","1.3333333333333333","1.6666666666666667","-0.3333333333333335","0.7999999999999999","3.2222222222222228","2.833333333333333","0.3888888888888897","1.1372549019607847","9.666666666666668","8.5","1.1666666666666679","1.1372549019607845","0.4","0.4","0.0","1.0"
"1575","3866","arules","differentLengthRulesNeitherDisjunctNorSubsumingAtt","TRAFFIC","Rule 2 (weak preference)","differentLengthRulesDisjunctAttH","-1","3.0","4.0","-1.0","0.75","6","6","0","1.0","6","4","2","1.5","94","142","-48","0.6619718309859155","38","38","0","1.0","31","35","-4","0.8857142857142857","29","19","10","1.5263157894736843","1.0","1.0","0.0","1.0","6.0","0.0","1.0","24.257330954437165","58.6509084091644","-34.393577454727236","0.4135883247572492","4.289349562824373","2.217516700693478","2.0718328621308952","1.9343031605953527","10.17260225753848","30.685249058734122","-20.512646801195643","0.3315144106559889","1.0","1.0","0.0","1.0","0.0136986301369863","0.0136986301369863","0.0","1.0","0.6","0.4","0.19999999999999996","1.4999999999999998","0.0","-0.2","0.2","-0.0","0.13333333333333333","0.1","0.033333333333333326","1.3333333333333333","5.5","5.5","0.0","1.0","1.3333333333333333","1.6666666666666667","-0.3333333333333335","0.7999999999999999","3.2222222222222228","2.833333333333333","0.3888888888888897","1.1372549019607847","9.666666666666668","8.5","1.1666666666666679","1.1372549019607845","0.4","0.4","0.0","1.0"
"1575","3866","arules","differentLengthRulesNeitherDisjunctNorSubsumingAtt","TRAFFIC","No preference","differentLengthRulesDisjunctAttH","0","3.0","4.0","-1.0","0.75","6","6","0","1.0","6","4","2","1.5","94","142","-48","0.6619718309859155","38","38","0","1.0","31","35","-4","0.8857142857142857","29","19","10","1.5263157894736843","1.0","1.0","0.0","1.0","6.0","0.0","1.0","24.257330954437165","58.6509084091644","-34.393577454727236","0.4135883247572492","4.289349562824373","2.217516700693478","2.0718328621308952","1.9343031605953527","10.17260225753848","30.685249058734122","-20.512646801195643","0.3315144106559889","1.0","1.0","0.0","1.0","0.0136986301369863","0.0136986301369863","0.0","1.0","0.6","0.4","0.19999999999999996","1.4999999999999998","0.0","-0.2","0.2","-0.0","0.13333333333333333","0.1","0.033333333333333326","1.3333333333333333","5.5","5.5","0.0","1.0","1.3333333333333333","1.6666666666666667","-0.3333333333333335","0.7999999999999999","3.2222222222222228","2.833333333333333","0.3888888888888897","1.1372549019607847","9.666666666666668","8.5","1.1666666666666679","1.1372549019607845","0.4","0.4","0.0","1.0"
"652","2688","arules","differentLengthRulesNeitherDisjunctNorSubsumingAtt","TRAFFIC","No preference","differentLengthRulesR2subsumingR1AttH","0","3.0","4.0","-1.0","0.75","6","6","0","1.0","6","6","0","1.0","104","125","-21","0.832","37","37","0","1.0","34","31","3","1.096774193548387","21","30","-9","0.7","1.0","1.0","0.0","1.0","1.0","0.0","1.0","147.66141060512453","147.66141060512453","0.0","1.0","3.657802653641024","3.657802653641024","0.0","1.0","54.70028090043317","44.622741765267705","10.077539135165466","1.2258386360071079","1.0","1.0","0.0","1.0","0.0136986301369863","0.0136986301369863","0.0","1.0","0.0","0.4","-0.4","0.0","0.0","0.0","0.0","","0.0","0.1","-0.1","0.0","5.5","5.5","0.0","1.0","1.3333333333333333","1.3333333333333333","0.0","1.0","2.833333333333333","2.7916666666666665","0.04166666666666652","1.0149253731343284","8.5","11.166666666666664","-2.6666666666666643","0.7611940298507465","0.0","0.4","-0.4","0.0"
"652","2688","arules","differentLengthRulesNeitherDisjunctNorSubsumingAtt","TRAFFIC","Rule 1 (strong preference)","differentLengthRulesR2subsumingR1AttH","2","3.0","4.0","-1.0","0.75","6","6","0","1.0","6","6","0","1.0","104","125","-21","0.832","37","37","0","1.0","34","31","3","1.096774193548387","21","30","-9","0.7","1.0","1.0","0.0","1.0","1.0","0.0","1.0","147.66141060512453","147.66141060512453","0.0","1.0","3.657802653641024","3.657802653641024","0.0","1.0","54.70028090043317","44.622741765267705","10.077539135165466","1.2258386360071079","1.0","1.0","0.0","1.0","0.0136986301369863","0.0136986301369863","0.0","1.0","0.0","0.4","-0.4","0.0","0.0","0.0","0.0","","0.0","0.1","-0.1","0.0","5.5","5.5","0.0","1.0","1.3333333333333333","1.3333333333333333","0.0","1.0","2.833333333333333","2.7916666666666665","0.04166666666666652","1.0149253731343284","8.5","11.166666666666664","-2.6666666666666643","0.7611940298507465","0.0","0.4","-0.4","0.0"
"652","2688","arules","differentLengthRulesNeitherDisjunctNorSubsumingAtt","TRAFFIC","Rule 2 (weak preference)","differentLengthRulesR2subsumingR1AttH","-1","3.0","4.0","-1.0","0.75","6","6","0","1.0","6","6","0","1.0","104","125","-21","0.832","37","37","0","1.0","34","31","3","1.096774193548387","21","30","-9","0.7","1.0","1.0","0.0","1.0","1.0","0.0","1.0","147.66141060512453","147.66141060512453","0.0","1.0","3.657802653641024","3.657802653641024","0.0","1.0","54.70028090043317","44.622741765267705","10.077539135165466","1.2258386360071079","1.0","1.0","0.0","1.0","0.0136986301369863","0.0136986301369863","0.0","1.0","0.0","0.4","-0.4","0.0","0.0","0.0","0.0","","0.0","0.1","-0.1","0.0","5.5","5.5","0.0","1.0","1.3333333333333333","1.3333333333333333","0.0","1.0","2.833333333333333","2.7916666666666665","0.04166666666666652","1.0149253731343284","8.5","11.166666666666664","-2.6666666666666643","0.7611940298507465","0.0","0.4","-0.4","0.0"
"652","2688","arules","differentLengthRulesNeitherDisjunctNorSubsumingAtt","TRAFFIC","Rule 2 (strong preference)","differentLengthRulesR2subsumingR1AttH","-2","3.0","4.0","-1.0","0.75","6","6","0","1.0","6","6","0","1.0","104","125","-21","0.832","37","37","0","1.0","34","31","3","1.096774193548387","21","30","-9","0.7","1.0","1.0","0.0","1.0","1.0","0.0","1.0","147.66141060512453","147.66141060512453","0.0","1.0","3.657802653641024","3.657802653641024","0.0","1.0","54.70028090043317","44.622741765267705","10.077539135165466","1.2258386360071079","1.0","1.0","0.0","1.0","0.0136986301369863","0.0136986301369863","0.0","1.0","0.0","0.4","-0.4","0.0","0.0","0.0","0.0","","0.0","0.1","-0.1","0.0","5.5","5.5","0.0","1.0","1.3333333333333333","1.3333333333333333","0.0","1.0","2.833333333333333","2.7916666666666665","0.04166666666666652","1.0149253731343284","8.5","11.166666666666664","-2.6666666666666643","0.7611940298507465","0.0","0.4","-0.4","0.0"
"652","2688","arules","differentLengthRulesNeitherDisjunctNorSubsumingAtt","TRAFFIC","No preference","differentLengthRulesR2subsumingR1AttH","0","3.0","4.0","-1.0","0.75","6","6","0","1.0","6","6","0","1.0","104","125","-21","0.832","37","37","0","1.0","34","31","3","1.096774193548387","21","30","-9","0.7","1.0","1.0","0.0","1.0","1.0","0.0","1.0","147.66141060512453","147.66141060512453","0.0","1.0","3.657802653641024","3.657802653641024","0.0","1.0","54.70028090043317","44.622741765267705","10.077539135165466","1.2258386360071079","1.0","1.0","0.0","1.0","0.0136986301369863","0.0136986301369863","0.0","1.0","0.0","0.4","-0.4","0.0","0.0","0.0","0.0","","0.0","0.1","-0.1","0.0","5.5","5.5","0.0","1.0","1.3333333333333333","1.3333333333333333","0.0","1.0","2.833333333333333","2.7916666666666665","0.04166666666666652","1.0149253731343284","8.5","11.166666666666664","-2.6666666666666643","0.7611940298507465","0.0","0.4","-0.4","0.0"
"7832","7716","arules","differentLengthRulesNeitherDisjunctNorSubsumingAtt","TRAFFIC","Rule 2 (weak preference)","differentLengthRulesR1subsumingR2AttL","-1","3.0","2.0","1.0","1.5","6","6","0","1.0","6","6","0","1.0","91","61","30","1.4918032786885247","38","38","0","1.0","30","30","0","1.0","23","23","0","1.0","1.0","1.0","0.0","1.0","1.0","0.0","1.0","147.66141060512453","58.6509084091644","89.01050219596013","2.5176321153459225","9.99235087449732","9.99235087449732","0.0","1.0","72.10155662959542","34.32162964183086","37.77992698776456","2.1007614551530143","0.666666666666667","0.666666666666667","0.0","1.0","0.0136986301369863","0.0136986301369863","0.0","1.0","0.0","0.0","0.0","","-0.4","-0.4","0.0","1.0","-0.13333333333333333","-0.2","0.06666666666666668","0.6666666666666666","5.5","2.6666666666666665","2.8333333333333335","2.0625","1.6666666666666667","1.6666666666666667","0.0","1.0","3.277777777777777","2.1666666666666665","1.1111111111111103","1.5128205128205126","9.833333333333332","4.333333333333333","5.499999999999999","2.269230769230769","-0.4","-0.4","0.0","1.0"
"7832","7716","arules","differentLengthRulesNeitherDisjunctNorSubsumingAtt","TRAFFIC","No preference","differentLengthRulesR1subsumingR2AttL","0","3.0","2.0","1.0","1.5","6","6","0","1.0","6","6","0","1.0","91","61","30","1.4918032786885247","38","38","0","1.0","30","30","0","1.0","23","23","0","1.0","1.0","1.0","0.0","1.0","1.0","0.0","1.0","147.66141060512453","58.6509084091644","89.01050219596013","2.5176321153459225","9.99235087449732","9.99235087449732","0.0","1.0","72.10155662959542","34.32162964183086","37.77992698776456","2.1007614551530143","0.666666666666667","0.666666666666667","0.0","1.0","0.0136986301369863","0.0136986301369863","0.0","1.0","0.0","0.0","0.0","","-0.4","-0.4","0.0","1.0","-0.13333333333333333","-0.2","0.06666666666666668","0.6666666666666666","5.5","2.6666666666666665","2.8333333333333335","2.0625","1.6666666666666667","1.6666666666666667","0.0","1.0","3.277777777777777","2.1666666666666665","1.1111111111111103","1.5128205128205126","9.833333333333332","4.333333333333333","5.499999999999999","2.269230769230769","-0.4","-0.4","0.0","1.0"
"7832","7716","arules","differentLengthRulesNeitherDisjunctNorSubsumingAtt","TRAFFIC","Rule 2 (strong preference)","differentLengthRulesR1subsumingR2AttL","-2","3.0","2.0","1.0","1.5","6","6","0","1.0","6","6","0","1.0","91","61","30","1.4918032786885247","38","38","0","1.0","30","30","0","1.0","23","23","0","1.0","1.0","1.0","0.0","1.0","1.0","0.0","1.0","147.66141060512453","58.6509084091644","89.01050219596013","2.5176321153459225","9.99235087449732","9.99235087449732","0.0","1.0","72.10155662959542","34.32162964183086","37.77992698776456","2.1007614551530143","0.666666666666667","0.666666666666667","0.0","1.0","0.0136986301369863","0.0136986301369863","0.0","1.0","0.0","0.0","0.0","","-0.4","-0.4","0.0","1.0","-0.13333333333333333","-0.2","0.06666666666666668","0.6666666666666666","5.5","2.6666666666666665","2.8333333333333335","2.0625","1.6666666666666667","1.6666666666666667","0.0","1.0","3.277777777777777","2.1666666666666665","1.1111111111111103","1.5128205128205126","9.833333333333332","4.333333333333333","5.499999999999999","2.269230769230769","-0.4","-0.4","0.0","1.0"
"7832","7716","arules","differentLengthRulesNeitherDisjunctNorSubsumingAtt","TRAFFIC","Rule 1 (weak preference)","differentLengthRulesR1subsumingR2AttL","1","3.0","2.0","1.0","1.5","6","6","0","1.0","6","6","0","1.0","91","61","30","1.4918032786885247","38","38","0","1.0","30","30","0","1.0","23","23","0","1.0","1.0","1.0","0.0","1.0","1.0","0.0","1.0","147.66141060512453","58.6509084091644","89.01050219596013","2.5176321153459225","9.99235087449732","9.99235087449732","0.0","1.0","72.10155662959542","34.32162964183086","37.77992698776456","2.1007614551530143","0.666666666666667","0.666666666666667","0.0","1.0","0.0136986301369863","0.0136986301369863","0.0","1.0","0.0","0.0","0.0","","-0.4","-0.4","0.0","1.0","-0.13333333333333333","-0.2","0.06666666666666668","0.6666666666666666","5.5","2.6666666666666665","2.8333333333333335","2.0625","1.6666666666666667","1.6666666666666667","0.0","1.0","3.277777777777777","2.1666666666666665","1.1111111111111103","1.5128205128205126","9.833333333333332","4.333333333333333","5.499999999999999","2.269230769230769","-0.4","-0.4","0.0","1.0"
"7832","7716","arules","differentLengthRulesNeitherDisjunctNorSubsumingAtt","TRAFFIC","No preference","differentLengthRulesR1subsumingR2AttL","0","3.0","2.0","1.0","1.5","6","6","0","1.0","6","6","0","1.0","91","61","30","1.4918032786885247","38","38","0","1.0","30","30","0","1.0","23","23","0","1.0","1.0","1.0","0.0","1.0","1.0","0.0","1.0","147.66141060512453","58.6509084091644","89.01050219596013","2.5176321153459225","9.99235087449732","9.99235087449732","0.0","1.0","72.10155662959542","34.32162964183086","37.77992698776456","2.1007614551530143","0.666666666666667","0.666666666666667","0.0","1.0","0.0136986301369863","0.0136986301369863","0.0","1.0","0.0","0.0","0.0","","-0.4","-0.4","0.0","1.0","-0.13333333333333333","-0.2","0.06666666666666668","0.6666666666666666","5.5","2.6666666666666665","2.8333333333333335","2.0625","1.6666666666666667","1.6666666666666667","0.0","1.0","3.277777777777777","2.1666666666666665","1.1111111111111103","1.5128205128205126","9.833333333333332","4.333333333333333","5.499999999999999","2.269230769230769","-0.4","-0.4","0.0","1.0"
"4822","1693","arules","differentLengthRulesNeitherDisjunctNorSubsumingAtt","TRAFFIC","Rule 2 (weak preference)","differentLengthRulesR1subsumingR2AttH","-1","4.0","3.0","1.0","1.3333333333333333","6","6","0","1.0","6","6","0","1.0","121","72","49","1.6805555555555556","49","37","12","1.3243243243243243","30","24","6","1.25","13","13","0","1.0","1.0","1.0","0.0","1.0","1.0","0.0","1.0","31.55659189909189","13.231475657119582","18.32511624197231","2.384963908550287","7.744111855839787","7.744111855839787","0.0","1.0","16.328452213646305","11.252405651831104","5.0760465618152","1.451107675894103","1.0","1.0","0.0","1.0","0.0205479452054795","0.0205479452054795","0.0","1.0","0.6","0.6","0.0","1.0","0.0","-0.4","0.4","-0.0","0.1","0.26666666666666666","-0.16666666666666666","0.375","5.5","4.5","1.0","1.2222222222222223","1.6666666666666667","1.6666666666666667","0.0","1.0","3.583333333333333","2.9444444444444438","0.6388888888888893","1.216981132075472","14.333333333333332","8.833333333333332","5.5","1.6226415094339623","0.4","0.8","-0.4","0.5"
"4822","1693","arules","differentLengthRulesNeitherDisjunctNorSubsumingAtt","TRAFFIC","Rule 2 (weak preference)","differentLengthRulesR1subsumingR2AttH","-1","4.0","3.0","1.0","1.3333333333333333","6","6","0","1.0","6","6","0","1.0","121","72","49","1.6805555555555556","49","37","12","1.3243243243243243","30","24","6","1.25","13","13","0","1.0","1.0","1.0","0.0","1.0","1.0","0.0","1.0","31.55659189909189","13.231475657119582","18.32511624197231","2.384963908550287","7.744111855839787","7.744111855839787","0.0","1.0","16.328452213646305","11.252405651831104","5.0760465618152","1.451107675894103","1.0","1.0","0.0","1.0","0.0205479452054795","0.0205479452054795","0.0","1.0","0.6","0.6","0.0","1.0","0.0","-0.4","0.4","-0.0","0.1","0.26666666666666666","-0.16666666666666666","0.375","5.5","4.5","1.0","1.2222222222222223","1.6666666666666667","1.6666666666666667","0.0","1.0","3.583333333333333","2.9444444444444438","0.6388888888888893","1.216981132075472","14.333333333333332","8.833333333333332","5.5","1.6226415094339623","0.4","0.8","-0.4","0.5"
"4822","1693","arules","differentLengthRulesNeitherDisjunctNorSubsumingAtt","TRAFFIC","No preference","differentLengthRulesR1subsumingR2AttH","0","4.0","3.0","1.0","1.3333333333333333","6","6","0","1.0","6","6","0","1.0","121","72","49","1.6805555555555556","49","37","12","1.3243243243243243","30","24","6","1.25","13","13","0","1.0","1.0","1.0","0.0","1.0","1.0","0.0","1.0","31.55659189909189","13.231475657119582","18.32511624197231","2.384963908550287","7.744111855839787","7.744111855839787","0.0","1.0","16.328452213646305","11.252405651831104","5.0760465618152","1.451107675894103","1.0","1.0","0.0","1.0","0.0205479452054795","0.0205479452054795","0.0","1.0","0.6","0.6","0.0","1.0","0.0","-0.4","0.4","-0.0","0.1","0.26666666666666666","-0.16666666666666666","0.375","5.5","4.5","1.0","1.2222222222222223","1.6666666666666667","1.6666666666666667","0.0","1.0","3.583333333333333","2.9444444444444438","0.6388888888888893","1.216981132075472","14.333333333333332","8.833333333333332","5.5","1.6226415094339623","0.4","0.8","-0.4","0.5"
"4822","1693","arules","differentLengthRulesNeitherDisjunctNorSubsumingAtt","TRAFFIC","Rule 1 (strong preference)","differentLengthRulesR1subsumingR2AttH","2","4.0","3.0","1.0","1.3333333333333333","6","6","0","1.0","6","6","0","1.0","121","72","49","1.6805555555555556","49","37","12","1.3243243243243243","30","24","6","1.25","13","13","0","1.0","1.0","1.0","0.0","1.0","1.0","0.0","1.0","31.55659189909189","13.231475657119582","18.32511624197231","2.384963908550287","7.744111855839787","7.744111855839787","0.0","1.0","16.328452213646305","11.252405651831104","5.0760465618152","1.451107675894103","1.0","1.0","0.0","1.0","0.0205479452054795","0.0205479452054795","0.0","1.0","0.6","0.6","0.0","1.0","0.0","-0.4","0.4","-0.0","0.1","0.26666666666666666","-0.16666666666666666","0.375","5.5","4.5","1.0","1.2222222222222223","1.6666666666666667","1.6666666666666667","0.0","1.0","3.583333333333333","2.9444444444444438","0.6388888888888893","1.216981132075472","14.333333333333332","8.833333333333332","5.5","1.6226415094339623","0.4","0.8","-0.4","0.5"
"4822","1693","arules","differentLengthRulesNeitherDisjunctNorSubsumingAtt","TRAFFIC","Rule 1 (strong preference)","differentLengthRulesR1subsumingR2AttH","2","4.0","3.0","1.0","1.3333333333333333","6","6","0","1.0","6","6","0","1.0","121","72","49","1.6805555555555556","49","37","12","1.3243243243243243","30","24","6","1.25","13","13","0","1.0","1.0","1.0","0.0","1.0","1.0","0.0","1.0","31.55659189909189","13.231475657119582","18.32511624197231","2.384963908550287","7.744111855839787","7.744111855839787","0.0","1.0","16.328452213646305","11.252405651831104","5.0760465618152","1.451107675894103","1.0","1.0","0.0","1.0","0.0205479452054795","0.0205479452054795","0.0","1.0","0.6","0.6","0.0","1.0","0.0","-0.4","0.4","-0.0","0.1","0.26666666666666666","-0.16666666666666666","0.375","5.5","4.5","1.0","1.2222222222222223","1.6666666666666667","1.6666666666666667","0.0","1.0","3.583333333333333","2.9444444444444438","0.6388888888888893","1.216981132075472","14.333333333333332","8.833333333333332","5.5","1.6226415094339623","0.4","0.8","-0.4","0.5"
"1303","3991","arules","differentLengthRulesNeitherDisjunctNorSubsumingAtt","TRAFFIC","Rule 2 (strong preference)","differentLengthRulesR2subsumingR1AttH","-2","3.0","4.0","-1.0","0.75","6","6","0","1.0","6","6","0","1.0","113","142","-29","0.795774647887324","55","55","0","1.0","37","35","2","1.0571428571428572","28","28","0","1.0","1.0","1.0","0.0","1.0","1.0","0.0","1.0","147.66141060512453","147.66141060512453","0.0","1.0","5.04566436966803","5.04566436966803","0.0","1.0","54.508108276704796","46.90766560234263","7.600442674362164","1.1620298639202074","1.0","1.0","0.0","1.0","0.0136986301369863","0.0136986301369863","0.0","1.0","0.2","0.4","-0.2","0.5","-0.2","-0.2","0.0","1.0","0.0","0.1","-0.1","0.0","5.5","5.5","0.0","1.0","1.6666666666666667","1.6666666666666667","0.0","1.0","3.583333333333333","3.583333333333333","0.0","1.0","7.166666666666668","7.166666666666668","0.0","1.0","0.0","0.4","-0.4","0.0"
"1303","3991","arules","differentLengthRulesNeitherDisjunctNorSubsumingAtt","TRAFFIC","Rule 1 (strong preference)","differentLengthRulesR2subsumingR1AttH","2","3.0","4.0","-1.0","0.75","6","6","0","1.0","6","6","0","1.0","113","142","-29","0.795774647887324","55","55","0","1.0","37","35","2","1.0571428571428572","28","28","0","1.0","1.0","1.0","0.0","1.0","1.0","0.0","1.0","147.66141060512453","147.66141060512453","0.0","1.0","5.04566436966803","5.04566436966803","0.0","1.0","54.508108276704796","46.90766560234263","7.600442674362164","1.1620298639202074","1.0","1.0","0.0","1.0","0.0136986301369863","0.0136986301369863","0.0","1.0","0.2","0.4","-0.2","0.5","-0.2","-0.2","0.0","1.0","0.0","0.1","-0.1","0.0","5.5","5.5","0.0","1.0","1.6666666666666667","1.6666666666666667","0.0","1.0","3.583333333333333","3.583333333333333","0.0","1.0","7.166666666666668","7.166666666666668","0.0","1.0","0.0","0.4","-0.4","0.0"
"1303","3991","arules","differentLengthRulesNeitherDisjunctNorSubsumingAtt","TRAFFIC","Rule 2 (weak preference)","differentLengthRulesR2subsumingR1AttH","-1","3.0","4.0","-1.0","0.75","6","6","0","1.0","6","6","0","1.0","113","142","-29","0.795774647887324","55","55","0","1.0","37","35","2","1.0571428571428572","28","28","0","1.0","1.0","1.0","0.0","1.0","1.0","0.0","1.0","147.66141060512453","147.66141060512453","0.0","1.0","5.04566436966803","5.04566436966803","0.0","1.0","54.508108276704796","46.90766560234263","7.600442674362164","1.1620298639202074","1.0","1.0","0.0","1.0","0.0136986301369863","0.0136986301369863","0.0","1.0","0.2","0.4","-0.2","0.5","-0.2","-0.2","0.0","1.0","0.0","0.1","-0.1","0.0","5.5","5.5","0.0","1.0","1.6666666666666667","1.6666666666666667","0.0","1.0","3.583333333333333","3.583333333333333","0.0","1.0","7.166666666666668","7.166666666666668","0.0","1.0","0.0","0.4","-0.4","0.0"
"1303","3991","arules","differentLengthRulesNeitherDisjunctNorSubsumingAtt","TRAFFIC","Rule 2 (strong preference)","differentLengthRulesR2subsumingR1AttH","-2","3.0","4.0","-1.0","0.75","6","6","0","1.0","6","6","0","1.0","113","142","-29","0.795774647887324","55","55","0","1.0","37","35","2","1.0571428571428572","28","28","0","1.0","1.0","1.0","0.0","1.0","1.0","0.0","1.0","147.66141060512453","147.66141060512453","0.0","1.0","5.04566436966803","5.04566436966803","0.0","1.0","54.508108276704796","46.90766560234263","7.600442674362164","1.1620298639202074","1.0","1.0","0.0","1.0","0.0136986301369863","0.0136986301369863","0.0","1.0","0.2","0.4","-0.2","0.5","-0.2","-0.2","0.0","1.0","0.0","0.1","-0.1","0.0","5.5","5.5","0.0","1.0","1.6666666666666667","1.6666666666666667","0.0","1.0","3.583333333333333","3.583333333333333","0.0","1.0","7.166666666666668","7.166666666666668","0.0","1.0","0.0","0.4","-0.4","0.0"
"1303","3991","arules","differentLengthRulesNeitherDisjunctNorSubsumingAtt","TRAFFIC","Rule 2 (strong preference)","differentLengthRulesR2subsumingR1AttH","-2","3.0","4.0","-1.0","0.75","6","6","0","1.0","6","6","0","1.0","113","142","-29","0.795774647887324","55","55","0","1.0","37","35","2","1.0571428571428572","28","28","0","1.0","1.0","1.0","0.0","1.0","1.0","0.0","1.0","147.66141060512453","147.66141060512453","0.0","1.0","5.04566436966803","5.04566436966803","0.0","1.0","54.508108276704796","46.90766560234263","7.600442674362164","1.1620298639202074","1.0","1.0","0.0","1.0","0.0136986301369863","0.0136986301369863","0.0","1.0","0.2","0.4","-0.2","0.5","-0.2","-0.2","0.0","1.0","0.0","0.1","-0.1","0.0","5.5","5.5","0.0","1.0","1.6666666666666667","1.6666666666666667","0.0","1.0","3.583333333333333","3.583333333333333","0.0","1.0","7.166666666666668","7.166666666666668","0.0","1.0","0.0","0.4","-0.4","0.0"
"36034","83547","InvertedHeuristics","differentLengthRulesNeitherDisjunctNorSubsumingAtt","TRAFFIC","No preference","dfInvertedHeuristicsOther","0","2.0","3.0","-1.0","0.6666666666666666","6","6","0","1.0","4","4","0","1.0","65","81","-16","0.8024691358024691","37","37","0","1.0","32","27","5","1.1851851851851851","16","28","-12","0.5714285714285714","4.0","1.0","3.0","4.0","6.0","0.0","1.0","10.817249855321824","10.817249855321824","0.0","1.0","2.217516700693478","2.217516700693478","0.0","1.0","6.517383278007651","","","","1.0","1.0","0.0","1.0","","","","","-0.2","-0.2","0.0","1.0","-0.2","-0.2","0.0","1.0","-0.2","-0.2","0.0","1.0","5.5","5.5","0.0","1.0","1.6666666666666667","1.6666666666666667","0.0","1.0","3.583333333333333","3.277777777777777","0.30555555555555625","1.093220338983051","7.166666666666668","9.833333333333332","-2.6666666666666643","0.7288135593220341","-0.4","-0.4","0.0","1.0"
"36034","83547","InvertedHeuristics","differentLengthRulesNeitherDisjunctNorSubsumingAtt","TRAFFIC","No preference","dfInvertedHeuristicsOther","0","2.0","3.0","-1.0","0.6666666666666666","6","6","0","1.0","4","4","0","1.0","65","81","-16","0.8024691358024691","37","37","0","1.0","32","27","5","1.1851851851851851","16","28","-12","0.5714285714285714","4.0","1.0","3.0","4.0","6.0","0.0","1.0","10.817249855321824","10.817249855321824","0.0","1.0","2.217516700693478","2.217516700693478","0.0","1.0","6.517383278007651","","","","1.0","1.0","0.0","1.0","","","","","-0.2","-0.2","0.0","1.0","-0.2","-0.2","0.0","1.0","-0.2","-0.2","0.0","1.0","5.5","5.5","0.0","1.0","1.6666666666666667","1.6666666666666667","0.0","1.0","3.583333333333333","3.277777777777777","0.30555555555555625","1.093220338983051","7.166666666666668","9.833333333333332","-2.6666666666666643","0.7288135593220341","-0.4","-0.4","0.0","1.0"
"36034","83547","InvertedHeuristics","differentLengthRulesNeitherDisjunctNorSubsumingAtt","TRAFFIC","No preference","dfInvertedHeuristicsOther","0","2.0","3.0","-1.0","0.6666666666666666","6","6","0","1.0","4","4","0","1.0","65","81","-16","0.8024691358024691","37","37","0","1.0","32","27","5","1.1851851851851851","16","28","-12","0.5714285714285714","4.0","1.0","3.0","4.0","6.0","0.0","1.0","10.817249855321824","10.817249855321824","0.0","1.0","2.217516700693478","2.217516700693478","0.0","1.0","6.517383278007651","","","","1.0","1.0","0.0","1.0","","","","","-0.2","-0.2","0.0","1.0","-0.2","-0.2","0.0","1.0","-0.2","-0.2","0.0","1.0","5.5","5.5","0.0","1.0","1.6666666666666667","1.6666666666666667","0.0","1.0","3.583333333333333","3.277777777777777","0.30555555555555625","1.093220338983051","7.166666666666668","9.833333333333332","-2.6666666666666643","0.7288135593220341","-0.4","-0.4","0.0","1.0"
"36034","83547","InvertedHeuristics","differentLengthRulesNeitherDisjunctNorSubsumingAtt","TRAFFIC","No preference","dfInvertedHeuristicsOther","0","2.0","3.0","-1.0","0.6666666666666666","6","6","0","1.0","4","4","0","1.0","65","81","-16","0.8024691358024691","37","37","0","1.0","32","27","5","1.1851851851851851","16","28","-12","0.5714285714285714","4.0","1.0","3.0","4.0","6.0","0.0","1.0","10.817249855321824","10.817249855321824","0.0","1.0","2.217516700693478","2.217516700693478","0.0","1.0","6.517383278007651","","","","1.0","1.0","0.0","1.0","","","","","-0.2","-0.2","0.0","1.0","-0.2","-0.2","0.0","1.0","-0.2","-0.2","0.0","1.0","5.5","5.5","0.0","1.0","1.6666666666666667","1.6666666666666667","0.0","1.0","3.583333333333333","3.277777777777777","0.30555555555555625","1.093220338983051","7.166666666666668","9.833333333333332","-2.6666666666666643","0.7288135593220341","-0.4","-0.4","0.0","1.0"
"36034","83547","InvertedHeuristics","differentLengthRulesNeitherDisjunctNorSubsumingAtt","TRAFFIC","No preference","dfInvertedHeuristicsOther","0","2.0","3.0","-1.0","0.6666666666666666","6","6","0","1.0","4","4","0","1.0","65","81","-16","0.8024691358024691","37","37","0","1.0","32","27","5","1.1851851851851851","16","28","-12","0.5714285714285714","4.0","1.0","3.0","4.0","6.0","0.0","1.0","10.817249855321824","10.817249855321824","0.0","1.0","2.217516700693478","2.217516700693478","0.0","1.0","6.517383278007651","","","","1.0","1.0","0.0","1.0","","","","","-0.2","-0.2","0.0","1.0","-0.2","-0.2","0.0","1.0","-0.2","-0.2","0.0","1.0","5.5","5.5","0.0","1.0","1.6666666666666667","1.6666666666666667","0.0","1.0","3.583333333333333","3.277777777777777","0.30555555555555625","1.093220338983051","7.166666666666668","9.833333333333332","-2.6666666666666643","0.7288135593220341","-0.4","-0.4","0.0","1.0"
"36034","83547","InvertedHeuristics","differentLengthRulesNeitherDisjunctNorSubsumingAtt","TRAFFIC","Rule 1 (weak preference)","dfInvertedHeuristicsOther","1","2.0","3.0","-1.0","0.6666666666666666","6","6","0","1.0","4","4","0","1.0","65","81","-16","0.8024691358024691","37","37","0","1.0","32","27","5","1.1851851851851851","16","28","-12","0.5714285714285714","4.0","1.0","3.0","4.0","6.0","0.0","1.0","10.817249855321824","10.817249855321824","0.0","1.0","2.217516700693478","2.217516700693478","0.0","1.0","6.517383278007651","","","","1.0","1.0","0.0","1.0","","","","","-0.2","-0.2","0.0","1.0","-0.2","-0.2","0.0","1.0","-0.2","-0.2","0.0","1.0","5.5","5.5","0.0","1.0","1.6666666666666667","1.6666666666666667","0.0","1.0","3.583333333333333","3.277777777777777","0.30555555555555625","1.093220338983051","7.166666666666668","9.833333333333332","-2.6666666666666643","0.7288135593220341","-0.4","-0.4","0.0","1.0"
"36034","83547","InvertedHeuristics","differentLengthRulesNeitherDisjunctNorSubsumingAtt","TRAFFIC","Rule 1 (weak preference)","dfInvertedHeuristicsOther","1","2.0","3.0","-1.0","0.6666666666666666","6","6","0","1.0","4","4","0","1.0","65","81","-16","0.8024691358024691","37","37","0","1.0","32","27","5","1.1851851851851851","16","28","-12","0.5714285714285714","4.0","1.0","3.0","4.0","6.0","0.0","1.0","10.817249855321824","10.817249855321824","0.0","1.0","2.217516700693478","2.217516700693478","0.0","1.0","6.517383278007651","","","","1.0","1.0","0.0","1.0","","","","","-0.2","-0.2","0.0","1.0","-0.2","-0.2","0.0","1.0","-0.2","-0.2","0.0","1.0","5.5","5.5","0.0","1.0","1.6666666666666667","1.6666666666666667","0.0","1.0","3.583333333333333","3.277777777777777","0.30555555555555625","1.093220338983051","7.166666666666668","9.833333333333332","-2.6666666666666643","0.7288135593220341","-0.4","-0.4","0.0","1.0"
"36034","83547","InvertedHeuristics","differentLengthRulesNeitherDisjunctNorSubsumingAtt","TRAFFIC","Rule 2 (weak preference)","dfInvertedHeuristicsOther","-1","2.0","3.0","-1.0","0.6666666666666666","6","6","0","1.0","4","4","0","1.0","65","81","-16","0.8024691358024691","37","37","0","1.0","32","27","5","1.1851851851851851","16","28","-12","0.5714285714285714","4.0","1.0","3.0","4.0","6.0","0.0","1.0","10.817249855321824","10.817249855321824","0.0","1.0","2.217516700693478","2.217516700693478","0.0","1.0","6.517383278007651","","","","1.0","1.0","0.0","1.0","","","","","-0.2","-0.2","0.0","1.0","-0.2","-0.2","0.0","1.0","-0.2","-0.2","0.0","1.0","5.5","5.5","0.0","1.0","1.6666666666666667","1.6666666666666667","0.0","1.0","3.583333333333333","3.277777777777777","0.30555555555555625","1.093220338983051","7.166666666666668","9.833333333333332","-2.6666666666666643","0.7288135593220341","-0.4","-0.4","0.0","1.0"
"36034","83547","InvertedHeuristics","differentLengthRulesNeitherDisjunctNorSubsumingAtt","TRAFFIC","Rule 1 (weak preference)","dfInvertedHeuristicsOther","1","2.0","3.0","-1.0","0.6666666666666666","6","6","0","1.0","4","4","0","1.0","65","81","-16","0.8024691358024691","37","37","0","1.0","32","27","5","1.1851851851851851","16","28","-12","0.5714285714285714","4.0","1.0","3.0","4.0","6.0","0.0","1.0","10.817249855321824","10.817249855321824","0.0","1.0","2.217516700693478","2.217516700693478","0.0","1.0","6.517383278007651","","","","1.0","1.0","0.0","1.0","","","","","-0.2","-0.2","0.0","1.0","-0.2","-0.2","0.0","1.0","-0.2","-0.2","0.0","1.0","5.5","5.5","0.0","1.0","1.6666666666666667","1.6666666666666667","0.0","1.0","3.583333333333333","3.277777777777777","0.30555555555555625","1.093220338983051","7.166666666666668","9.833333333333332","-2.6666666666666643","0.7288135593220341","-0.4","-0.4","0.0","1.0"
"36034","83547","InvertedHeuristics","differentLengthRulesNeitherDisjunctNorSubsumingAtt","TRAFFIC","Rule 2 (strong preference)","dfInvertedHeuristicsOther","-2","2.0","3.0","-1.0","0.6666666666666666","6","6","0","1.0","4","4","0","1.0","65","81","-16","0.8024691358024691","37","37","0","1.0","32","27","5","1.1851851851851851","16","28","-12","0.5714285714285714","4.0","1.0","3.0","4.0","6.0","0.0","1.0","10.817249855321824","10.817249855321824","0.0","1.0","2.217516700693478","2.217516700693478","0.0","1.0","6.517383278007651","","","","1.0","1.0","0.0","1.0","","","","","-0.2","-0.2","0.0","1.0","-0.2","-0.2","0.0","1.0","-0.2","-0.2","0.0","1.0","5.5","5.5","0.0","1.0","1.6666666666666667","1.6666666666666667","0.0","1.0","3.583333333333333","3.277777777777777","0.30555555555555625","1.093220338983051","7.166666666666668","9.833333333333332","-2.6666666666666643","0.7288135593220341","-0.4","-0.4","0.0","1.0"
"1232","4470","arules","differentLengthRulesNeitherDisjunctNorSubsumingAtt","TRAFFIC","Rule 2 (strong preference)","differentLengthRulesNeitherDisjunctNorSubsumingAttH","-2","3.0","4.0","-1.0","0.75","6","6","0","1.0","4","4","0","1.0","83","112","-29","0.7410714285714286","37","38","-1","0.9736842105263158","27","28","-1","0.9642857142857143","19","19","0","1.0","1.0","1.0","0.0","1.0","6.0","0.0","1.0","24.257330954437165","24.257330954437165","0.0","1.0","0.8017521073589119","0.8017521073589119","0.0","1.0","9.782810874873485","9.979823008650676","-0.19701213377719107","0.9802589551331303","1.0","1.0","0.0","1.0","0.0205479452054795","0.0205479452054795","0.0","1.0","0.0","0.6","-0.6","0.0","-0.2","-0.2","0.0","1.0","-0.06666666666666668","0.04999999999999999","-0.11666666666666667","-1.333333333333334","5.5","5.5","0.0","1.0","1.6666666666666667","1.3333333333333333","0.3333333333333335","1.2500000000000002","3.111111111111111","3.2222222222222228","-0.1111111111111116","0.9655172413793102","9.333333333333334","9.666666666666668","-0.3333333333333339","0.9655172413793103","-0.2","0.2","-0.4","-1.0"
"1232","4470","arules","differentLengthRulesNeitherDisjunctNorSubsumingAtt","TRAFFIC","Rule 2 (weak preference)","differentLengthRulesNeitherDisjunctNorSubsumingAttH","-1","3.0","4.0","-1.0","0.75","6","6","0","1.0","4","4","0","1.0","83","112","-29","0.7410714285714286","37","38","-1","0.9736842105263158","27","28","-1","0.9642857142857143","19","19","0","1.0","1.0","1.0","0.0","1.0","6.0","0.0","1.0","24.257330954437165","24.257330954437165","0.0","1.0","0.8017521073589119","0.8017521073589119","0.0","1.0","9.782810874873485","9.979823008650676","-0.19701213377719107","0.9802589551331303","1.0","1.0","0.0","1.0","0.0205479452054795","0.0205479452054795","0.0","1.0","0.0","0.6","-0.6","0.0","-0.2","-0.2","0.0","1.0","-0.06666666666666668","0.04999999999999999","-0.11666666666666667","-1.333333333333334","5.5","5.5","0.0","1.0","1.6666666666666667","1.3333333333333333","0.3333333333333335","1.2500000000000002","3.111111111111111","3.2222222222222228","-0.1111111111111116","0.9655172413793102","9.333333333333334","9.666666666666668","-0.3333333333333339","0.9655172413793103","-0.2","0.2","-0.4","-1.0"
"1232","4470","arules","differentLengthRulesNeitherDisjunctNorSubsumingAtt","TRAFFIC","Rule 2 (weak preference)","differentLengthRulesNeitherDisjunctNorSubsumingAttH","-1","3.0","4.0","-1.0","0.75","6","6","0","1.0","4","4","0","1.0","83","112","-29","0.7410714285714286","37","38","-1","0.9736842105263158","27","28","-1","0.9642857142857143","19","19","0","1.0","1.0","1.0","0.0","1.0","6.0","0.0","1.0","24.257330954437165","24.257330954437165","0.0","1.0","0.8017521073589119","0.8017521073589119","0.0","1.0","9.782810874873485","9.979823008650676","-0.19701213377719107","0.9802589551331303","1.0","1.0","0.0","1.0","0.0205479452054795","0.0205479452054795","0.0","1.0","0.0","0.6","-0.6","0.0","-0.2","-0.2","0.0","1.0","-0.06666666666666668","0.04999999999999999","-0.11666666666666667","-1.333333333333334","5.5","5.5","0.0","1.0","1.6666666666666667","1.3333333333333333","0.3333333333333335","1.2500000000000002","3.111111111111111","3.2222222222222228","-0.1111111111111116","0.9655172413793102","9.333333333333334","9.666666666666668","-0.3333333333333339","0.9655172413793103","-0.2","0.2","-0.4","-1.0"
"1232","4470","arules","differentLengthRulesNeitherDisjunctNorSubsumingAtt","TRAFFIC","Rule 1 (strong preference)","differentLengthRulesNeitherDisjunctNorSubsumingAttH","2","3.0","4.0","-1.0","0.75","6","6","0","1.0","4","4","0","1.0","83","112","-29","0.7410714285714286","37","38","-1","0.9736842105263158","27","28","-1","0.9642857142857143","19","19","0","1.0","1.0","1.0","0.0","1.0","6.0","0.0","1.0","24.257330954437165","24.257330954437165","0.0","1.0","0.8017521073589119","0.8017521073589119","0.0","1.0","9.782810874873485","9.979823008650676","-0.19701213377719107","0.9802589551331303","1.0","1.0","0.0","1.0","0.0205479452054795","0.0205479452054795","0.0","1.0","0.0","0.6","-0.6","0.0","-0.2","-0.2","0.0","1.0","-0.06666666666666668","0.04999999999999999","-0.11666666666666667","-1.333333333333334","5.5","5.5","0.0","1.0","1.6666666666666667","1.3333333333333333","0.3333333333333335","1.2500000000000002","3.111111111111111","3.2222222222222228","-0.1111111111111116","0.9655172413793102","9.333333333333334","9.666666666666668","-0.3333333333333339","0.9655172413793103","-0.2","0.2","-0.4","-1.0"
"1232","4470","arules","differentLengthRulesNeitherDisjunctNorSubsumingAtt","TRAFFIC","Rule 2 (weak preference)","differentLengthRulesNeitherDisjunctNorSubsumingAttH","-1","3.0","4.0","-1.0","0.75","6","6","0","1.0","4","4","0","1.0","83","112","-29","0.7410714285714286","37","38","-1","0.9736842105263158","27","28","-1","0.9642857142857143","19","19","0","1.0","1.0","1.0","0.0","1.0","6.0","0.0","1.0","24.257330954437165","24.257330954437165","0.0","1.0","0.8017521073589119","0.8017521073589119","0.0","1.0","9.782810874873485","9.979823008650676","-0.19701213377719107","0.9802589551331303","1.0","1.0","0.0","1.0","0.0205479452054795","0.0205479452054795","0.0","1.0","0.0","0.6","-0.6","0.0","-0.2","-0.2","0.0","1.0","-0.06666666666666668","0.04999999999999999","-0.11666666666666667","-1.333333333333334","5.5","5.5","0.0","1.0","1.6666666666666667","1.3333333333333333","0.3333333333333335","1.2500000000000002","3.111111111111111","3.2222222222222228","-0.1111111111111116","0.9655172413793102","9.333333333333334","9.666666666666668","-0.3333333333333339","0.9655172413793103","-0.2","0.2","-0.4","-1.0"
"8336","8465","arules","differentLengthRulesNeitherDisjunctNorSubsumingAtt","TRAFFIC","Rule 2 (strong preference)","differentLengthRulesNeitherDisjunctNorSubsumingAttL","-2","3.0","4.0","-1.0","0.75","6","6","0","1.0","4","6","-2","0.6666666666666666","124","164","-40","0.7560975609756098","60","60","0","1.0","41","41","0","1.0","30","27","3","1.1111111111111112","1.0","1.0","0.0","1.0","1.0","0.0","1.0","12.781629442533955","147.66141060512453","-134.87978116259058","0.08656039103347407","2.217516700693478","2.4983686339061366","-0.28085193321265844","0.8875858712757079","8.751022768938013","41.289731345564526","-32.53870857662651","0.21194186747543647","0.6","0.6","0.0","1.0","0.0205479452054795","0.0205479452054795","0.0","1.0","0.0","0.2","-0.2","0.0","0.0","-0.4","0.4","-0.0","-0.13333333333333333","0.05","-0.18333333333333335","-2.6666666666666665","5.5","5.5","0.0","1.0","1.6666666666666667","1.6666666666666667","0.0","1.0","3.583333333333333","3.583333333333333","0.0","1.0","7.166666666666668","7.166666666666668","0.0","1.0","-0.4","0.2","-0.6000000000000001","-2.0"
"8336","8465","arules","differentLengthRulesNeitherDisjunctNorSubsumingAtt","TRAFFIC","No preference","differentLengthRulesNeitherDisjunctNorSubsumingAttL","0","3.0","4.0","-1.0","0.75","6","6","0","1.0","4","6","-2","0.6666666666666666","124","164","-40","0.7560975609756098","60","60","0","1.0","41","41","0","1.0","30","27","3","1.1111111111111112","1.0","1.0","0.0","1.0","1.0","0.0","1.0","12.781629442533955","147.66141060512453","-134.87978116259058","0.08656039103347407","2.217516700693478","2.4983686339061366","-0.28085193321265844","0.8875858712757079","8.751022768938013","41.289731345564526","-32.53870857662651","0.21194186747543647","0.6","0.6","0.0","1.0","0.0205479452054795","0.0205479452054795","0.0","1.0","0.0","0.2","-0.2","0.0","0.0","-0.4","0.4","-0.0","-0.13333333333333333","0.05","-0.18333333333333335","-2.6666666666666665","5.5","5.5","0.0","1.0","1.6666666666666667","1.6666666666666667","0.0","1.0","3.583333333333333","3.583333333333333","0.0","1.0","7.166666666666668","7.166666666666668","0.0","1.0","-0.4","0.2","-0.6000000000000001","-2.0"
"8336","8465","arules","differentLengthRulesNeitherDisjunctNorSubsumingAtt","TRAFFIC","Rule 2 (weak preference)","differentLengthRulesNeitherDisjunctNorSubsumingAttL","-1","3.0","4.0","-1.0","0.75","6","6","0","1.0","4","6","-2","0.6666666666666666","124","164","-40","0.7560975609756098","60","60","0","1.0","41","41","0","1.0","30","27","3","1.1111111111111112","1.0","1.0","0.0","1.0","1.0","0.0","1.0","12.781629442533955","147.66141060512453","-134.87978116259058","0.08656039103347407","2.217516700693478","2.4983686339061366","-0.28085193321265844","0.8875858712757079","8.751022768938013","41.289731345564526","-32.53870857662651","0.21194186747543647","0.6","0.6","0.0","1.0","0.0205479452054795","0.0205479452054795","0.0","1.0","0.0","0.2","-0.2","0.0","0.0","-0.4","0.4","-0.0","-0.13333333333333333","0.05","-0.18333333333333335","-2.6666666666666665","5.5","5.5","0.0","1.0","1.6666666666666667","1.6666666666666667","0.0","1.0","3.583333333333333","3.583333333333333","0.0","1.0","7.166666666666668","7.166666666666668","0.0","1.0","-0.4","0.2","-0.6000000000000001","-2.0"
"8336","8465","arules","differentLengthRulesNeitherDisjunctNorSubsumingAtt","TRAFFIC","No preference","differentLengthRulesNeitherDisjunctNorSubsumingAttL","0","3.0","4.0","-1.0","0.75","6","6","0","1.0","4","6","-2","0.6666666666666666","124","164","-40","0.7560975609756098","60","60","0","1.0","41","41","0","1.0","30","27","3","1.1111111111111112","1.0","1.0","0.0","1.0","1.0","0.0","1.0","12.781629442533955","147.66141060512453","-134.87978116259058","0.08656039103347407","2.217516700693478","2.4983686339061366","-0.28085193321265844","0.8875858712757079","8.751022768938013","41.289731345564526","-32.53870857662651","0.21194186747543647","0.6","0.6","0.0","1.0","0.0205479452054795","0.0205479452054795","0.0","1.0","0.0","0.2","-0.2","0.0","0.0","-0.4","0.4","-0.0","-0.13333333333333333","0.05","-0.18333333333333335","-2.6666666666666665","5.5","5.5","0.0","1.0","1.6666666666666667","1.6666666666666667","0.0","1.0","3.583333333333333","3.583333333333333","0.0","1.0","7.166666666666668","7.166666666666668","0.0","1.0","-0.4","0.2","-0.6000000000000001","-2.0"
"8336","8465","arules","differentLengthRulesNeitherDisjunctNorSubsumingAtt","TRAFFIC","Rule 2 (strong preference)","differentLengthRulesNeitherDisjunctNorSubsumingAttL","-2","3.0","4.0","-1.0","0.75","6","6","0","1.0","4","6","-2","0.6666666666666666","124","164","-40","0.7560975609756098","60","60","0","1.0","41","41","0","1.0","30","27","3","1.1111111111111112","1.0","1.0","0.0","1.0","1.0","0.0","1.0","12.781629442533955","147.66141060512453","-134.87978116259058","0.08656039103347407","2.217516700693478","2.4983686339061366","-0.28085193321265844","0.8875858712757079","8.751022768938013","41.289731345564526","-32.53870857662651","0.21194186747543647","0.6","0.6","0.0","1.0","0.0205479452054795","0.0205479452054795","0.0","1.0","0.0","0.2","-0.2","0.0","0.0","-0.4","0.4","-0.0","-0.13333333333333333","0.05","-0.18333333333333335","-2.6666666666666665","5.5","5.5","0.0","1.0","1.6666666666666667","1.6666666666666667","0.0","1.0","3.583333333333333","3.583333333333333","0.0","1.0","7.166666666666668","7.166666666666668","0.0","1.0","-0.4","0.2","-0.6000000000000001","-2.0"
"7536","7382","arules","differentLengthRulesNeitherDisjunctNorSubsumingAtt","TRAFFIC","Rule 2 (strong preference)","differentLengthRulesR1subsumingR2AttH","-2","4.0","2.0","2.0","2.0","6","6","0","1.0","6","6","0","1.0","149","70","79","2.1285714285714286","49","38","11","1.2894736842105263","37","35","2","1.0571428571428572","32","30","2","1.0666666666666667","1.0","1.0","0.0","1.0","1.0","0.0","1.0","147.66141060512453","35.69440068369156","111.96700992143298","4.136822800686206","9.869217232444347","9.869217232444347","0.0","1.0","56.19540510508809","22.781808958067952","33.413596147020144","2.466678796601314","0.75","0.75","0.0","1.0","0.0205479452054795","0.0205479452054795","0.0","1.0","0.2","0.2","0.0","1.0","0.0","-0.4","0.4","-0.0","-0.05","0.1","-0.15000000000000002","-0.5","5.5","5.5","0.0","1.0","5.5","5.5","0.0","1.0","5.5","5.5","0.0","1.0","5.5","5.5","0.0","1.0","-0.2","0.2","-0.4","-1.0"
"7536","7382","arules","differentLengthRulesNeitherDisjunctNorSubsumingAtt","TRAFFIC","Rule 1 (strong preference)","differentLengthRulesR1subsumingR2AttH","2","4.0","2.0","2.0","2.0","6","6","0","1.0","6","6","0","1.0","149","70","79","2.1285714285714286","49","38","11","1.2894736842105263","37","35","2","1.0571428571428572","32","30","2","1.0666666666666667","1.0","1.0","0.0","1.0","1.0","0.0","1.0","147.66141060512453","35.69440068369156","111.96700992143298","4.136822800686206","9.869217232444347","9.869217232444347","0.0","1.0","56.19540510508809","22.781808958067952","33.413596147020144","2.466678796601314","0.75","0.75","0.0","1.0","0.0205479452054795","0.0205479452054795","0.0","1.0","0.2","0.2","0.0","1.0","0.0","-0.4","0.4","-0.0","-0.05","0.1","-0.15000000000000002","-0.5","5.5","5.5","0.0","1.0","5.5","5.5","0.0","1.0","5.5","5.5","0.0","1.0","5.5","5.5","0.0","1.0","-0.2","0.2","-0.4","-1.0"
"7536","7382","arules","differentLengthRulesNeitherDisjunctNorSubsumingAtt","TRAFFIC","Rule 2 (weak preference)","differentLengthRulesR1subsumingR2AttH","-1","4.0","2.0","2.0","2.0","6","6","0","1.0","6","6","0","1.0","149","70","79","2.1285714285714286","49","38","11","1.2894736842105263","37","35","2","1.0571428571428572","32","30","2","1.0666666666666667","1.0","1.0","0.0","1.0","1.0","0.0","1.0","147.66141060512453","35.69440068369156","111.96700992143298","4.136822800686206","9.869217232444347","9.869217232444347","0.0","1.0","56.19540510508809","22.781808958067952","33.413596147020144","2.466678796601314","0.75","0.75","0.0","1.0","0.0205479452054795","0.0205479452054795","0.0","1.0","0.2","0.2","0.0","1.0","0.0","-0.4","0.4","-0.0","-0.05","0.1","-0.15000000000000002","-0.5","5.5","5.5","0.0","1.0","5.5","5.5","0.0","1.0","5.5","5.5","0.0","1.0","5.5","5.5","0.0","1.0","-0.2","0.2","-0.4","-1.0"
"7536","7382","arules","differentLengthRulesNeitherDisjunctNorSubsumingAtt","TRAFFIC","Rule 2 (strong preference)","differentLengthRulesR1subsumingR2AttH","-2","4.0","2.0","2.0","2.0","6","6","0","1.0","6","6","0","1.0","149","70","79","2.1285714285714286","49","38","11","1.2894736842105263","37","35","2","1.0571428571428572","32","30","2","1.0666666666666667","1.0","1.0","0.0","1.0","1.0","0.0","1.0","147.66141060512453","35.69440068369156","111.96700992143298","4.136822800686206","9.869217232444347","9.869217232444347","0.0","1.0","56.19540510508809","22.781808958067952","33.413596147020144","2.466678796601314","0.75","0.75","0.0","1.0","0.0205479452054795","0.0205479452054795","0.0","1.0","0.2","0.2","0.0","1.0","0.0","-0.4","0.4","-0.0","-0.05","0.1","-0.15000000000000002","-0.5","5.5","5.5","0.0","1.0","5.5","5.5","0.0","1.0","5.5","5.5","0.0","1.0","5.5","5.5","0.0","1.0","-0.2","0.2","-0.4","-1.0"
"7536","7382","arules","differentLengthRulesNeitherDisjunctNorSubsumingAtt","TRAFFIC","Rule 1 (strong preference)","differentLengthRulesR1subsumingR2AttH","2","4.0","2.0","2.0","2.0","6","6","0","1.0","6","6","0","1.0","149","70","79","2.1285714285714286","49","38","11","1.2894736842105263","37","35","2","1.0571428571428572","32","30","2","1.0666666666666667","1.0","1.0","0.0","1.0","1.0","0.0","1.0","147.66141060512453","35.69440068369156","111.96700992143298","4.136822800686206","9.869217232444347","9.869217232444347","0.0","1.0","56.19540510508809","22.781808958067952","33.413596147020144","2.466678796601314","0.75","0.75","0.0","1.0","0.0205479452054795","0.0205479452054795","0.0","1.0","0.2","0.2","0.0","1.0","0.0","-0.4","0.4","-0.0","-0.05","0.1","-0.15000000000000002","-0.5","5.5","5.5","0.0","1.0","5.5","5.5","0.0","1.0","5.5","5.5","0.0","1.0","5.5","5.5","0.0","1.0","-0.2","0.2","-0.4","-1.0"
"1481","4341","arules","differentLengthRulesNeitherDisjunctNorSubsumingAtt","TRAFFIC","No preference","differentLengthRulesR2subsumingR1AttL","0","3.0","4.0","-1.0","0.75","6","6","0","1.0","3","3","0","1.0","81","119","-38","0.680672268907563","37","38","-1","0.9736842105263158","27","29","-2","0.9310344827586207","14","14","0","1.0","2.0","1.0","1.0","2.0","6.0","0.0","1.0","147.66141060512453","147.66141060512453","0.0","1.0","2.217516700693478","2.217516700693478","0.0","1.0","56.43886453366998","51.25274857117538","5.186115962494597","1.1011870798556798","1.0","1.0","0.0","1.0","0.0136986301369863","0.0136986301369863","0.0","1.0","0.2","0.2","0.0","1.0","0.0","0.0","0.0","","0.06666666666666668","0.05","0.016666666666666677","1.3333333333333335","5.5","5.5","0.0","1.0","5.5","5.5","0.0","1.0","5.5","5.5","0.0","1.0","5.5","5.5","0.0","1.0","0.2","0.2","0.0","1.0"
"1481","4341","arules","differentLengthRulesNeitherDisjunctNorSubsumingAtt","TRAFFIC","Rule 1 (strong preference)","differentLengthRulesR2subsumingR1AttL","2","3.0","4.0","-1.0","0.75","6","6","0","1.0","3","3","0","1.0","81","119","-38","0.680672268907563","37","38","-1","0.9736842105263158","27","29","-2","0.9310344827586207","14","14","0","1.0","2.0","1.0","1.0","2.0","6.0","0.0","1.0","147.66141060512453","147.66141060512453","0.0","1.0","2.217516700693478","2.217516700693478","0.0","1.0","56.43886453366998","51.25274857117538","5.186115962494597","1.1011870798556798","1.0","1.0","0.0","1.0","0.0136986301369863","0.0136986301369863","0.0","1.0","0.2","0.2","0.0","1.0","0.0","0.0","0.0","","0.06666666666666668","0.05","0.016666666666666677","1.3333333333333335","5.5","5.5","0.0","1.0","5.5","5.5","0.0","1.0","5.5","5.5","0.0","1.0","5.5","5.5","0.0","1.0","0.2","0.2","0.0","1.0"
"1481","4341","arules","differentLengthRulesNeitherDisjunctNorSubsumingAtt","TRAFFIC","Rule 1 (weak preference)","differentLengthRulesR2subsumingR1AttL","1","3.0","4.0","-1.0","0.75","6","6","0","1.0","3","3","0","1.0","81","119","-38","0.680672268907563","37","38","-1","0.9736842105263158","27","29","-2","0.9310344827586207","14","14","0","1.0","2.0","1.0","1.0","2.0","6.0","0.0","1.0","147.66141060512453","147.66141060512453","0.0","1.0","2.217516700693478","2.217516700693478","0.0","1.0","56.43886453366998","51.25274857117538","5.186115962494597","1.1011870798556798","1.0","1.0","0.0","1.0","0.0136986301369863","0.0136986301369863","0.0","1.0","0.2","0.2","0.0","1.0","0.0","0.0","0.0","","0.06666666666666668","0.05","0.016666666666666677","1.3333333333333335","5.5","5.5","0.0","1.0","5.5","5.5","0.0","1.0","5.5","5.5","0.0","1.0","5.5","5.5","0.0","1.0","0.2","0.2","0.0","1.0"
"1481","4341","arules","differentLengthRulesNeitherDisjunctNorSubsumingAtt","TRAFFIC","Rule 2 (strong preference)","differentLengthRulesR2subsumingR1AttL","-2","3.0","4.0","-1.0","0.75","6","6","0","1.0","3","3","0","1.0","81","119","-38","0.680672268907563","37","38","-1","0.9736842105263158","27","29","-2","0.9310344827586207","14","14","0","1.0","2.0","1.0","1.0","2.0","6.0","0.0","1.0","147.66141060512453","147.66141060512453","0.0","1.0","2.217516700693478","2.217516700693478","0.0","1.0","56.43886453366998","51.25274857117538","5.186115962494597","1.1011870798556798","1.0","1.0","0.0","1.0","0.0136986301369863","0.0136986301369863","0.0","1.0","0.2","0.2","0.0","1.0","0.0","0.0","0.0","","0.06666666666666668","0.05","0.016666666666666677","1.3333333333333335","5.5","5.5","0.0","1.0","5.5","5.5","0.0","1.0","5.5","5.5","0.0","1.0","5.5","5.5","0.0","1.0","0.2","0.2","0.0","1.0"
"1481","4341","arules","differentLengthRulesNeitherDisjunctNorSubsumingAtt","TRAFFIC","No preference","differentLengthRulesR2subsumingR1AttL","0","3.0","4.0","-1.0","0.75","6","6","0","1.0","3","3","0","1.0","81","119","-38","0.680672268907563","37","38","-1","0.9736842105263158","27","29","-2","0.9310344827586207","14","14","0","1.0","2.0","1.0","1.0","2.0","6.0","0.0","1.0","147.66141060512453","147.66141060512453","0.0","1.0","2.217516700693478","2.217516700693478","0.0","1.0","56.43886453366998","51.25274857117538","5.186115962494597","1.1011870798556798","1.0","1.0","0.0","1.0","0.0136986301369863","0.0136986301369863","0.0","1.0","0.2","0.2","0.0","1.0","0.0","0.0","0.0","","0.06666666666666668","0.05","0.016666666666666677","1.3333333333333335","5.5","5.5","0.0","1.0","5.5","5.5","0.0","1.0","5.5","5.5","0.0","1.0","5.5","5.5","0.0","1.0","0.2","0.2","0.0","1.0"
"1481","4341","arules","differentLengthRulesNeitherDisjunctNorSubsumingAtt","TRAFFIC","Rule 2 (weak preference)","differentLengthRulesR2subsumingR1AttL","-1","3.0","4.0","-1.0","0.75","6","6","0","1.0","3","3","0","1.0","81","119","-38","0.680672268907563","37","38","-1","0.9736842105263158","27","29","-2","0.9310344827586207","14","14","0","1.0","2.0","1.0","1.0","2.0","6.0","0.0","1.0","147.66141060512453","147.66141060512453","0.0","1.0","2.217516700693478","2.217516700693478","0.0","1.0","56.43886453366998","51.25274857117538","5.186115962494597","1.1011870798556798","1.0","1.0","0.0","1.0","0.0136986301369863","0.0136986301369863","0.0","1.0","0.2","0.2","0.0","1.0","0.0","0.0","0.0","","0.06666666666666668","0.05","0.016666666666666677","1.3333333333333335","5.5","5.5","0.0","1.0","5.5","5.5","0.0","1.0","5.5","5.5","0.0","1.0","5.5","5.5","0.0","1.0","0.2","0.2","0.0","1.0"
"1481","4341","arules","differentLengthRulesNeitherDisjunctNorSubsumingAtt","TRAFFIC","No preference","differentLengthRulesR2subsumingR1AttL","0","3.0","4.0","-1.0","0.75","6","6","0","1.0","3","3","0","1.0","81","119","-38","0.680672268907563","37","38","-1","0.9736842105263158","27","29","-2","0.9310344827586207","14","14","0","1.0","2.0","1.0","1.0","2.0","6.0","0.0","1.0","147.66141060512453","147.66141060512453","0.0","1.0","2.217516700693478","2.217516700693478","0.0","1.0","56.43886453366998","51.25274857117538","5.186115962494597","1.1011870798556798","1.0","1.0","0.0","1.0","0.0136986301369863","0.0136986301369863","0.0","1.0","0.2","0.2","0.0","1.0","0.0","0.0","0.0","","0.06666666666666668","0.05","0.016666666666666677","1.3333333333333335","5.5","5.5","0.0","1.0","5.5","5.5","0.0","1.0","5.5","5.5","0.0","1.0","5.5","5.5","0.0","1.0","0.2","0.2","0.0","1.0"
"428","2531","arules","differentLengthRulesNeitherDisjunctNorSubsumingAtt","TRAFFIC","No preference","differentLengthRulesDisjunctAttL","0","2.0","3.0","-1.0","0.6666666666666666","6","6","0","1.0","6","6","0","1.0","70","109","-39","0.6422018348623854","38","41","-3","0.926829268292683","35","36","-1","0.9722222222222222","30","32","-2","0.9375","1.0","1.0","0.0","1.0","1.0","0.0","1.0","35.69440068369156","147.66141060512453","-111.96700992143298","0.24173140793802494","39.06419980753994","17.129053730423678","21.935146077116265","2.2805813106976407","26.41172720705762","81.79217294060963","-55.38044573355201","0.3229126486984949","1.0","1.0","0.0","1.0","0.0136986301369863","0.0136986301369863","0.0","1.0","0.2","0.0","0.2","","-0.4","0.0","-0.4","-inf","0.1","-0.13333333333333333","0.23333333333333334","-0.75","5.5","5.5","0.0","1.0","1.6666666666666667","5.5","-3.833333333333333","0.30303030303030304","5.5","3.583333333333333","1.916666666666667","1.5348837209302326","5.5","7.166666666666668","-1.6666666666666679","0.7674418604651162","0.2","-0.4","0.6000000000000001","-0.5"
"428","2531","arules","differentLengthRulesNeitherDisjunctNorSubsumingAtt","TRAFFIC","Rule 1 (strong preference)","differentLengthRulesDisjunctAttL","2","2.0","3.0","-1.0","0.6666666666666666","6","6","0","1.0","6","6","0","1.0","70","109","-39","0.6422018348623854","38","41","-3","0.926829268292683","35","36","-1","0.9722222222222222","30","32","-2","0.9375","1.0","1.0","0.0","1.0","1.0","0.0","1.0","35.69440068369156","147.66141060512453","-111.96700992143298","0.24173140793802494","39.06419980753994","17.129053730423678","21.935146077116265","2.2805813106976407","26.41172720705762","81.79217294060963","-55.38044573355201","0.3229126486984949","1.0","1.0","0.0","1.0","0.0136986301369863","0.0136986301369863","0.0","1.0","0.2","0.0","0.2","","-0.4","0.0","-0.4","-inf","0.1","-0.13333333333333333","0.23333333333333334","-0.75","5.5","5.5","0.0","1.0","1.6666666666666667","5.5","-3.833333333333333","0.30303030303030304","5.5","3.583333333333333","1.916666666666667","1.5348837209302326","5.5","7.166666666666668","-1.6666666666666679","0.7674418604651162","0.2","-0.4","0.6000000000000001","-0.5"
"428","2531","arules","differentLengthRulesNeitherDisjunctNorSubsumingAtt","TRAFFIC","No preference","differentLengthRulesDisjunctAttL","0","2.0","3.0","-1.0","0.6666666666666666","6","6","0","1.0","6","6","0","1.0","70","109","-39","0.6422018348623854","38","41","-3","0.926829268292683","35","36","-1","0.9722222222222222","30","32","-2","0.9375","1.0","1.0","0.0","1.0","1.0","0.0","1.0","35.69440068369156","147.66141060512453","-111.96700992143298","0.24173140793802494","39.06419980753994","17.129053730423678","21.935146077116265","2.2805813106976407","26.41172720705762","81.79217294060963","-55.38044573355201","0.3229126486984949","1.0","1.0","0.0","1.0","0.0136986301369863","0.0136986301369863","0.0","1.0","0.2","0.0","0.2","","-0.4","0.0","-0.4","-inf","0.1","-0.13333333333333333","0.23333333333333334","-0.75","5.5","5.5","0.0","1.0","1.6666666666666667","5.5","-3.833333333333333","0.30303030303030304","5.5","3.583333333333333","1.916666666666667","1.5348837209302326","5.5","7.166666666666668","-1.6666666666666679","0.7674418604651162","0.2","-0.4","0.6000000000000001","-0.5"
"428","2531","arules","differentLengthRulesNeitherDisjunctNorSubsumingAtt","TRAFFIC","Rule 2 (strong preference)","differentLengthRulesDisjunctAttL","-2","2.0","3.0","-1.0","0.6666666666666666","6","6","0","1.0","6","6","0","1.0","70","109","-39","0.6422018348623854","38","41","-3","0.926829268292683","35","36","-1","0.9722222222222222","30","32","-2","0.9375","1.0","1.0","0.0","1.0","1.0","0.0","1.0","35.69440068369156","147.66141060512453","-111.96700992143298","0.24173140793802494","39.06419980753994","17.129053730423678","21.935146077116265","2.2805813106976407","26.41172720705762","81.79217294060963","-55.38044573355201","0.3229126486984949","1.0","1.0","0.0","1.0","0.0136986301369863","0.0136986301369863","0.0","1.0","0.2","0.0","0.2","","-0.4","0.0","-0.4","-inf","0.1","-0.13333333333333333","0.23333333333333334","-0.75","5.5","5.5","0.0","1.0","1.6666666666666667","5.5","-3.833333333333333","0.30303030303030304","5.5","3.583333333333333","1.916666666666667","1.5348837209302326","5.5","7.166666666666668","-1.6666666666666679","0.7674418604651162","0.2","-0.4","0.6000000000000001","-0.5"
"428","2531","arules","differentLengthRulesNeitherDisjunctNorSubsumingAtt","TRAFFIC","Rule 2 (strong preference)","differentLengthRulesDisjunctAttL","-2","2.0","3.0","-1.0","0.6666666666666666","6","6","0","1.0","6","6","0","1.0","70","109","-39","0.6422018348623854","38","41","-3","0.926829268292683","35","36","-1","0.9722222222222222","30","32","-2","0.9375","1.0","1.0","0.0","1.0","1.0","0.0","1.0","35.69440068369156","147.66141060512453","-111.96700992143298","0.24173140793802494","39.06419980753994","17.129053730423678","21.935146077116265","2.2805813106976407","26.41172720705762","81.79217294060963","-55.38044573355201","0.3229126486984949","1.0","1.0","0.0","1.0","0.0136986301369863","0.0136986301369863","0.0","1.0","0.2","0.0","0.2","","-0.4","0.0","-0.4","-inf","0.1","-0.13333333333333333","0.23333333333333334","-0.75","5.5","5.5","0.0","1.0","1.6666666666666667","5.5","-3.833333333333333","0.30303030303030304","5.5","3.583333333333333","1.916666666666667","1.5348837209302326","5.5","7.166666666666668","-1.6666666666666679","0.7674418604651162","0.2","-0.4","0.6000000000000001","-0.5"
"428","2531","arules","differentLengthRulesNeitherDisjunctNorSubsumingAtt","TRAFFIC","Rule 2 (strong preference)","differentLengthRulesDisjunctAttL","-2","2.0","3.0","-1.0","0.6666666666666666","6","6","0","1.0","6","6","0","1.0","70","109","-39","0.6422018348623854","38","41","-3","0.926829268292683","35","36","-1","0.9722222222222222","30","32","-2","0.9375","1.0","1.0","0.0","1.0","1.0","0.0","1.0","35.69440068369156","147.66141060512453","-111.96700992143298","0.24173140793802494","39.06419980753994","17.129053730423678","21.935146077116265","2.2805813106976407","26.41172720705762","81.79217294060963","-55.38044573355201","0.3229126486984949","1.0","1.0","0.0","1.0","0.0136986301369863","0.0136986301369863","0.0","1.0","0.2","0.0","0.2","","-0.4","0.0","-0.4","-inf","0.1","-0.13333333333333333","0.23333333333333334","-0.75","5.5","5.5","0.0","1.0","1.6666666666666667","5.5","-3.833333333333333","0.30303030303030304","5.5","3.583333333333333","1.916666666666667","1.5348837209302326","5.5","7.166666666666668","-1.6666666666666679","0.7674418604651162","0.2","-0.4","0.6000000000000001","-0.5"
"428","2531","arules","differentLengthRulesNeitherDisjunctNorSubsumingAtt","TRAFFIC","Rule 1 (weak preference)","differentLengthRulesDisjunctAttL","1","2.0","3.0","-1.0","0.6666666666666666","6","6","0","1.0","6","6","0","1.0","70","109","-39","0.6422018348623854","38","41","-3","0.926829268292683","35","36","-1","0.9722222222222222","30","32","-2","0.9375","1.0","1.0","0.0","1.0","1.0","0.0","1.0","35.69440068369156","147.66141060512453","-111.96700992143298","0.24173140793802494","39.06419980753994","17.129053730423678","21.935146077116265","2.2805813106976407","26.41172720705762","81.79217294060963","-55.38044573355201","0.3229126486984949","1.0","1.0","0.0","1.0","0.0136986301369863","0.0136986301369863","0.0","1.0","0.2","0.0","0.2","","-0.4","0.0","-0.4","-inf","0.1","-0.13333333333333333","0.23333333333333334","-0.75","5.5","5.5","0.0","1.0","1.6666666666666667","5.5","-3.833333333333333","0.30303030303030304","5.5","3.583333333333333","1.916666666666667","1.5348837209302326","5.5","7.166666666666668","-1.6666666666666679","0.7674418604651162","0.2","-0.4","0.6000000000000001","-0.5"
"23364","15178","InvertedHeuristics","differentLengthRulesNeitherDisjunctNorSubsumingAtt","TRAFFIC","Rule 1 (weak preference)","dfInvertedHeuristicsOther","1","2.0","3.0","-1.0","0.6666666666666666","6","6","0","1.0","4","6","-2","0.6666666666666666","65","102","-37","0.6372549019607843","49","49","0","1.0","32","34","-2","0.9411764705882353","16","16","0","1.0","1.0","1.0","0.0","1.0","1.0","0.0","1.0","","31.55659189909189","","","2.217516700693478","","","","","","","","1.0","1.0","0.0","1.0","","","","","-0.4","-0.2","-0.2","2.0","-0.4","-0.4","0.0","1.0","-0.4","-0.30000000000000004","-0.09999999999999998","1.3333333333333333","5.5","5.5","0.0","1.0","2.6666666666666665","2.6666666666666665","0.0","1.0","4.083333333333333","4.083333333333333","0.0","1.0","8.166666666666666","8.166666666666666","0.0","1.0","-0.4","-0.6000000000000001","0.20000000000000007","0.6666666666666666"
"23364","15178","InvertedHeuristics","differentLengthRulesNeitherDisjunctNorSubsumingAtt","TRAFFIC","No preference","dfInvertedHeuristicsOther","0","2.0","3.0","-1.0","0.6666666666666666","6","6","0","1.0","4","6","-2","0.6666666666666666","65","102","-37","0.6372549019607843","49","49","0","1.0","32","34","-2","0.9411764705882353","16","16","0","1.0","1.0","1.0","0.0","1.0","1.0","0.0","1.0","","31.55659189909189","","","2.217516700693478","","","","","","","","1.0","1.0","0.0","1.0","","","","","-0.4","-0.2","-0.2","2.0","-0.4","-0.4","0.0","1.0","-0.4","-0.30000000000000004","-0.09999999999999998","1.3333333333333333","5.5","5.5","0.0","1.0","2.6666666666666665","2.6666666666666665","0.0","1.0","4.083333333333333","4.083333333333333","0.0","1.0","8.166666666666666","8.166666666666666","0.0","1.0","-0.4","-0.6000000000000001","0.20000000000000007","0.6666666666666666"
"23364","15178","InvertedHeuristics","differentLengthRulesNeitherDisjunctNorSubsumingAtt","TRAFFIC","Rule 1 (strong preference)","dfInvertedHeuristicsOther","2","2.0","3.0","-1.0","0.6666666666666666","6","6","0","1.0","4","6","-2","0.6666666666666666","65","102","-37","0.6372549019607843","49","49","0","1.0","32","34","-2","0.9411764705882353","16","16","0","1.0","1.0","1.0","0.0","1.0","1.0","0.0","1.0","","31.55659189909189","","","2.217516700693478","","","","","","","","1.0","1.0","0.0","1.0","","","","","-0.4","-0.2","-0.2","2.0","-0.4","-0.4","0.0","1.0","-0.4","-0.30000000000000004","-0.09999999999999998","1.3333333333333333","5.5","5.5","0.0","1.0","2.6666666666666665","2.6666666666666665","0.0","1.0","4.083333333333333","4.083333333333333","0.0","1.0","8.166666666666666","8.166666666666666","0.0","1.0","-0.4","-0.6000000000000001","0.20000000000000007","0.6666666666666666"
"23364","15178","InvertedHeuristics","differentLengthRulesNeitherDisjunctNorSubsumingAtt","TRAFFIC","Rule 1 (weak preference)","dfInvertedHeuristicsOther","1","2.0","3.0","-1.0","0.6666666666666666","6","6","0","1.0","4","6","-2","0.6666666666666666","65","102","-37","0.6372549019607843","49","49","0","1.0","32","34","-2","0.9411764705882353","16","16","0","1.0","1.0","1.0","0.0","1.0","1.0","0.0","1.0","","31.55659189909189","","","2.217516700693478","","","","","","","","1.0","1.0","0.0","1.0","","","","","-0.4","-0.2","-0.2","2.0","-0.4","-0.4","0.0","1.0","-0.4","-0.30000000000000004","-0.09999999999999998","1.3333333333333333","5.5","5.5","0.0","1.0","2.6666666666666665","2.6666666666666665","0.0","1.0","4.083333333333333","4.083333333333333","0.0","1.0","8.166666666666666","8.166666666666666","0.0","1.0","-0.4","-0.6000000000000001","0.20000000000000007","0.6666666666666666"
"23364","15178","InvertedHeuristics","differentLengthRulesNeitherDisjunctNorSubsumingAtt","TRAFFIC","Rule 2 (weak preference)","dfInvertedHeuristicsOther","-1","2.0","3.0","-1.0","0.6666666666666666","6","6","0","1.0","4","6","-2","0.6666666666666666","65","102","-37","0.6372549019607843","49","49","0","1.0","32","34","-2","0.9411764705882353","16","16","0","1.0","1.0","1.0","0.0","1.0","1.0","0.0","1.0","","31.55659189909189","","","2.217516700693478","","","","","","","","1.0","1.0","0.0","1.0","","","","","-0.4","-0.2","-0.2","2.0","-0.4","-0.4","0.0","1.0","-0.4","-0.30000000000000004","-0.09999999999999998","1.3333333333333333","5.5","5.5","0.0","1.0","2.6666666666666665","2.6666666666666665","0.0","1.0","4.083333333333333","4.083333333333333","0.0","1.0","8.166666666666666","8.166666666666666","0.0","1.0","-0.4","-0.6000000000000001","0.20000000000000007","0.6666666666666666"
"23364","15178","InvertedHeuristics","differentLengthRulesNeitherDisjunctNorSubsumingAtt","TRAFFIC","No preference","dfInvertedHeuristicsOther","0","2.0","3.0","-1.0","0.6666666666666666","6","6","0","1.0","4","6","-2","0.6666666666666666","65","102","-37","0.6372549019607843","49","49","0","1.0","32","34","-2","0.9411764705882353","16","16","0","1.0","1.0","1.0","0.0","1.0","1.0","0.0","1.0","","31.55659189909189","","","2.217516700693478","","","","","","","","1.0","1.0","0.0","1.0","","","","","-0.4","-0.2","-0.2","2.0","-0.4","-0.4","0.0","1.0","-0.4","-0.30000000000000004","-0.09999999999999998","1.3333333333333333","5.5","5.5","0.0","1.0","2.6666666666666665","2.6666666666666665","0.0","1.0","4.083333333333333","4.083333333333333","0.0","1.0","8.166666666666666","8.166666666666666","0.0","1.0","-0.4","-0.6000000000000001","0.20000000000000007","0.6666666666666666"
"23364","15178","InvertedHeuristics","differentLengthRulesNeitherDisjunctNorSubsumingAtt","TRAFFIC","No preference","dfInvertedHeuristicsOther","0","2.0","3.0","-1.0","0.6666666666666666","6","6","0","1.0","4","6","-2","0.6666666666666666","65","102","-37","0.6372549019607843","49","49","0","1.0","32","34","-2","0.9411764705882353","16","16","0","1.0","1.0","1.0","0.0","1.0","1.0","0.0","1.0","","31.55659189909189","","","2.217516700693478","","","","","","","","1.0","1.0","0.0","1.0","","","","","-0.4","-0.2","-0.2","2.0","-0.4","-0.4","0.0","1.0","-0.4","-0.30000000000000004","-0.09999999999999998","1.3333333333333333","5.5","5.5","0.0","1.0","2.6666666666666665","2.6666666666666665","0.0","1.0","4.083333333333333","4.083333333333333","0.0","1.0","8.166666666666666","8.166666666666666","0.0","1.0","-0.4","-0.6000000000000001","0.20000000000000007","0.6666666666666666"
"23364","15178","InvertedHeuristics","differentLengthRulesNeitherDisjunctNorSubsumingAtt","TRAFFIC","No preference","dfInvertedHeuristicsOther","0","2.0","3.0","-1.0","0.6666666666666666","6","6","0","1.0","4","6","-2","0.6666666666666666","65","102","-37","0.6372549019607843","49","49","0","1.0","32","34","-2","0.9411764705882353","16","16","0","1.0","1.0","1.0","0.0","1.0","1.0","0.0","1.0","","31.55659189909189","","","2.217516700693478","","","","","","","","1.0","1.0","0.0","1.0","","","","","-0.4","-0.2","-0.2","2.0","-0.4","-0.4","0.0","1.0","-0.4","-0.30000000000000004","-0.09999999999999998","1.3333333333333333","5.5","5.5","0.0","1.0","2.6666666666666665","2.6666666666666665","0.0","1.0","4.083333333333333","4.083333333333333","0.0","1.0","8.166666666666666","8.166666666666666","0.0","1.0","-0.4","-0.6000000000000001","0.20000000000000007","0.6666666666666666"
"23364","15178","InvertedHeuristics","differentLengthRulesNeitherDisjunctNorSubsumingAtt","TRAFFIC","Rule 1 (weak preference)","dfInvertedHeuristicsOther","1","2.0","3.0","-1.0","0.6666666666666666","6","6","0","1.0","4","6","-2","0.6666666666666666","65","102","-37","0.6372549019607843","49","49","0","1.0","32","34","-2","0.9411764705882353","16","16","0","1.0","1.0","1.0","0.0","1.0","1.0","0.0","1.0","","31.55659189909189","","","2.217516700693478","","","","","","","","1.0","1.0","0.0","1.0","","","","","-0.4","-0.2","-0.2","2.0","-0.4","-0.4","0.0","1.0","-0.4","-0.30000000000000004","-0.09999999999999998","1.3333333333333333","5.5","5.5","0.0","1.0","2.6666666666666665","2.6666666666666665","0.0","1.0","4.083333333333333","4.083333333333333","0.0","1.0","8.166666666666666","8.166666666666666","0.0","1.0","-0.4","-0.6000000000000001","0.20000000000000007","0.6666666666666666"
"23364","15178","InvertedHeuristics","differentLengthRulesNeitherDisjunctNorSubsumingAtt","TRAFFIC","Rule 1 (strong preference)","dfInvertedHeuristicsOther","2","2.0","3.0","-1.0","0.6666666666666666","6","6","0","1.0","4","6","-2","0.6666666666666666","65","102","-37","0.6372549019607843","49","49","0","1.0","32","34","-2","0.9411764705882353","16","16","0","1.0","1.0","1.0","0.0","1.0","1.0","0.0","1.0","","31.55659189909189","","","2.217516700693478","","","","","","","","1.0","1.0","0.0","1.0","","","","","-0.4","-0.2","-0.2","2.0","-0.4","-0.4","0.0","1.0","-0.4","-0.30000000000000004","-0.09999999999999998","1.3333333333333333","5.5","5.5","0.0","1.0","2.6666666666666665","2.6666666666666665","0.0","1.0","4.083333333333333","4.083333333333333","0.0","1.0","8.166666666666666","8.166666666666666","0.0","1.0","-0.4","-0.6000000000000001","0.20000000000000007","0.6666666666666666"
"2425","5159","arules","differentLengthRulesNeitherDisjunctNorSubsumingAtt","TRAFFIC","No preference","differentLengthRulesDisjunctAttL","0","3.0","4.0","-1.0","0.75","6","6","0","1.0","6","6","0","1.0","106","118","-12","0.8983050847457628","38","41","-3","0.926829268292683","35","29","6","1.206896551724138","15","30","-15","0.5","1.0","1.0","0.0","1.0","1.0","0.0","1.0","58.6509084091644","147.66141060512453","-89.01050219596013","0.3971986192520427","17.129053730423678","33.26790151007305","-16.138847779649375","0.514882302547314","42.537736867643","62.55713504137074","-20.019398173727744","0.679982176925328","1.0","1.0","0.0","1.0","0.0136986301369863","0.0136986301369863","0.0","1.0","0.2","0.2","0.0","1.0","-0.4","0.0","-0.4","-inf","0.06666666666666668","-0.05","0.11666666666666668","-1.3333333333333335","5.5","5.5","0.0","1.0","2.5","1.6666666666666667","0.8333333333333333","1.5","3.583333333333333","4.0","-0.41666666666666696","0.8958333333333333","7.166666666666668","8.0","-0.8333333333333321","0.8958333333333335","0.2","-0.2","0.4","-1.0"
"2425","5159","arules","differentLengthRulesNeitherDisjunctNorSubsumingAtt","TRAFFIC","Rule 1 (strong preference)","differentLengthRulesDisjunctAttL","2","3.0","4.0","-1.0","0.75","6","6","0","1.0","6","6","0","1.0","106","118","-12","0.8983050847457628","38","41","-3","0.926829268292683","35","29","6","1.206896551724138","15","30","-15","0.5","1.0","1.0","0.0","1.0","1.0","0.0","1.0","58.6509084091644","147.66141060512453","-89.01050219596013","0.3971986192520427","17.129053730423678","33.26790151007305","-16.138847779649375","0.514882302547314","42.537736867643","62.55713504137074","-20.019398173727744","0.679982176925328","1.0","1.0","0.0","1.0","0.0136986301369863","0.0136986301369863","0.0","1.0","0.2","0.2","0.0","1.0","-0.4","0.0","-0.4","-inf","0.06666666666666668","-0.05","0.11666666666666668","-1.3333333333333335","5.5","5.5","0.0","1.0","2.5","1.6666666666666667","0.8333333333333333","1.5","3.583333333333333","4.0","-0.41666666666666696","0.8958333333333333","7.166666666666668","8.0","-0.8333333333333321","0.8958333333333335","0.2","-0.2","0.4","-1.0"
"2425","5159","arules","differentLengthRulesNeitherDisjunctNorSubsumingAtt","TRAFFIC","No preference","differentLengthRulesDisjunctAttL","0","3.0","4.0","-1.0","0.75","6","6","0","1.0","6","6","0","1.0","106","118","-12","0.8983050847457628","38","41","-3","0.926829268292683","35","29","6","1.206896551724138","15","30","-15","0.5","1.0","1.0","0.0","1.0","1.0","0.0","1.0","58.6509084091644","147.66141060512453","-89.01050219596013","0.3971986192520427","17.129053730423678","33.26790151007305","-16.138847779649375","0.514882302547314","42.537736867643","62.55713504137074","-20.019398173727744","0.679982176925328","1.0","1.0","0.0","1.0","0.0136986301369863","0.0136986301369863","0.0","1.0","0.2","0.2","0.0","1.0","-0.4","0.0","-0.4","-inf","0.06666666666666668","-0.05","0.11666666666666668","-1.3333333333333335","5.5","5.5","0.0","1.0","2.5","1.6666666666666667","0.8333333333333333","1.5","3.583333333333333","4.0","-0.41666666666666696","0.8958333333333333","7.166666666666668","8.0","-0.8333333333333321","0.8958333333333335","0.2","-0.2","0.4","-1.0"
"2425","5159","arules","differentLengthRulesNeitherDisjunctNorSubsumingAtt","TRAFFIC","No preference","differentLengthRulesDisjunctAttL","0","3.0","4.0","-1.0","0.75","6","6","0","1.0","6","6","0","1.0","106","118","-12","0.8983050847457628","38","41","-3","0.926829268292683","35","29","6","1.206896551724138","15","30","-15","0.5","1.0","1.0","0.0","1.0","1.0","0.0","1.0","58.6509084091644","147.66141060512453","-89.01050219596013","0.3971986192520427","17.129053730423678","33.26790151007305","-16.138847779649375","0.514882302547314","42.537736867643","62.55713504137074","-20.019398173727744","0.679982176925328","1.0","1.0","0.0","1.0","0.0136986301369863","0.0136986301369863","0.0","1.0","0.2","0.2","0.0","1.0","-0.4","0.0","-0.4","-inf","0.06666666666666668","-0.05","0.11666666666666668","-1.3333333333333335","5.5","5.5","0.0","1.0","2.5","1.6666666666666667","0.8333333333333333","1.5","3.583333333333333","4.0","-0.41666666666666696","0.8958333333333333","7.166666666666668","8.0","-0.8333333333333321","0.8958333333333335","0.2","-0.2","0.4","-1.0"
"2425","5159","arules","differentLengthRulesNeitherDisjunctNorSubsumingAtt","TRAFFIC","No preference","differentLengthRulesDisjunctAttL","0","3.0","4.0","-1.0","0.75","6","6","0","1.0","6","6","0","1.0","106","118","-12","0.8983050847457628","38","41","-3","0.926829268292683","35","29","6","1.206896551724138","15","30","-15","0.5","1.0","1.0","0.0","1.0","1.0","0.0","1.0","58.6509084091644","147.66141060512453","-89.01050219596013","0.3971986192520427","17.129053730423678","33.26790151007305","-16.138847779649375","0.514882302547314","42.537736867643","62.55713504137074","-20.019398173727744","0.679982176925328","1.0","1.0","0.0","1.0","0.0136986301369863","0.0136986301369863","0.0","1.0","0.2","0.2","0.0","1.0","-0.4","0.0","-0.4","-inf","0.06666666666666668","-0.05","0.11666666666666668","-1.3333333333333335","5.5","5.5","0.0","1.0","2.5","1.6666666666666667","0.8333333333333333","1.5","3.583333333333333","4.0","-0.41666666666666696","0.8958333333333333","7.166666666666668","8.0","-0.8333333333333321","0.8958333333333335","0.2","-0.2","0.4","-1.0"
"2425","5159","arules","differentLengthRulesNeitherDisjunctNorSubsumingAtt","TRAFFIC","Rule 1 (strong preference)","differentLengthRulesDisjunctAttL","2","3.0","4.0","-1.0","0.75","6","6","0","1.0","6","6","0","1.0","106","118","-12","0.8983050847457628","38","41","-3","0.926829268292683","35","29","6","1.206896551724138","15","30","-15","0.5","1.0","1.0","0.0","1.0","1.0","0.0","1.0","58.6509084091644","147.66141060512453","-89.01050219596013","0.3971986192520427","17.129053730423678","33.26790151007305","-16.138847779649375","0.514882302547314","42.537736867643","62.55713504137074","-20.019398173727744","0.679982176925328","1.0","1.0","0.0","1.0","0.0136986301369863","0.0136986301369863","0.0","1.0","0.2","0.2","0.0","1.0","-0.4","0.0","-0.4","-inf","0.06666666666666668","-0.05","0.11666666666666668","-1.3333333333333335","5.5","5.5","0.0","1.0","2.5","1.6666666666666667","0.8333333333333333","1.5","3.583333333333333","4.0","-0.41666666666666696","0.8958333333333333","7.166666666666668","8.0","-0.8333333333333321","0.8958333333333335","0.2","-0.2","0.4","-1.0"
"2425","5159","arules","differentLengthRulesNeitherDisjunctNorSubsumingAtt","TRAFFIC","Rule 2 (strong preference)","differentLengthRulesDisjunctAttL","-2","3.0","4.0","-1.0","0.75","6","6","0","1.0","6","6","0","1.0","106","118","-12","0.8983050847457628","38","41","-3","0.926829268292683","35","29","6","1.206896551724138","15","30","-15","0.5","1.0","1.0","0.0","1.0","1.0","0.0","1.0","58.6509084091644","147.66141060512453","-89.01050219596013","0.3971986192520427","17.129053730423678","33.26790151007305","-16.138847779649375","0.514882302547314","42.537736867643","62.55713504137074","-20.019398173727744","0.679982176925328","1.0","1.0","0.0","1.0","0.0136986301369863","0.0136986301369863","0.0","1.0","0.2","0.2","0.0","1.0","-0.4","0.0","-0.4","-inf","0.06666666666666668","-0.05","0.11666666666666668","-1.3333333333333335","5.5","5.5","0.0","1.0","2.5","1.6666666666666667","0.8333333333333333","1.5","3.583333333333333","4.0","-0.41666666666666696","0.8958333333333333","7.166666666666668","8.0","-0.8333333333333321","0.8958333333333335","0.2","-0.2","0.4","-1.0"
"1403","3106","arules","differentLengthRulesNeitherDisjunctNorSubsumingAtt","TRAFFIC","Rule 1 (weak preference)","differentLengthRulesNeitherDisjunctNorSubsumingAttH","1","3.0","4.0","-1.0","0.75","6","6","0","1.0","4","4","0","1.0","92","173","-81","0.5317919075144508","37","51","-14","0.7254901960784313","30","43","-13","0.6976744186046512","36","23","13","1.565217391304348","1.0","1.0","0.0","1.0","6.0","0.0","1.0","9.99235087449732","31.55659189909189","-21.564241024594573","0.31664860725295474","2.217516700693478","2.217516700693478","0.0","1.0","7.359694935878383","12.042670893685253","-4.68297595780687","0.6111347724147759","1.0","1.0","0.0","1.0","0.0136986301369863","0.0136986301369863","0.0","1.0","0.4","0.2","0.2","2.0","-0.4","-0.2","-0.2","2.0","0.13333333333333336","-0.1","0.23333333333333336","-1.3333333333333335","5.5","5.5","0.0","1.0","1.6666666666666667","2.6666666666666665","-0.9999999999999998","0.6250000000000001","4.083333333333333","3.583333333333333","0.5","1.1395348837209303","8.166666666666666","7.166666666666668","0.9999999999999982","1.13953488372093","0.4000000000000001","-0.4","0.8","-1.0000000000000002"
"1403","3106","arules","differentLengthRulesNeitherDisjunctNorSubsumingAtt","TRAFFIC","No preference","differentLengthRulesNeitherDisjunctNorSubsumingAttH","0","3.0","4.0","-1.0","0.75","6","6","0","1.0","4","4","0","1.0","92","173","-81","0.5317919075144508","37","51","-14","0.7254901960784313","30","43","-13","0.6976744186046512","36","23","13","1.565217391304348","1.0","1.0","0.0","1.0","6.0","0.0","1.0","9.99235087449732","31.55659189909189","-21.564241024594573","0.31664860725295474","2.217516700693478","2.217516700693478","0.0","1.0","7.359694935878383","12.042670893685253","-4.68297595780687","0.6111347724147759","1.0","1.0","0.0","1.0","0.0136986301369863","0.0136986301369863","0.0","1.0","0.4","0.2","0.2","2.0","-0.4","-0.2","-0.2","2.0","0.13333333333333336","-0.1","0.23333333333333336","-1.3333333333333335","5.5","5.5","0.0","1.0","1.6666666666666667","2.6666666666666665","-0.9999999999999998","0.6250000000000001","4.083333333333333","3.583333333333333","0.5","1.1395348837209303","8.166666666666666","7.166666666666668","0.9999999999999982","1.13953488372093","0.4000000000000001","-0.4","0.8","-1.0000000000000002"
"1403","3106","arules","differentLengthRulesNeitherDisjunctNorSubsumingAtt","TRAFFIC","Rule 1 (weak preference)","differentLengthRulesNeitherDisjunctNorSubsumingAttH","1","3.0","4.0","-1.0","0.75","6","6","0","1.0","4","4","0","1.0","92","173","-81","0.5317919075144508","37","51","-14","0.7254901960784313","30","43","-13","0.6976744186046512","36","23","13","1.565217391304348","1.0","1.0","0.0","1.0","6.0","0.0","1.0","9.99235087449732","31.55659189909189","-21.564241024594573","0.31664860725295474","2.217516700693478","2.217516700693478","0.0","1.0","7.359694935878383","12.042670893685253","-4.68297595780687","0.6111347724147759","1.0","1.0","0.0","1.0","0.0136986301369863","0.0136986301369863","0.0","1.0","0.4","0.2","0.2","2.0","-0.4","-0.2","-0.2","2.0","0.13333333333333336","-0.1","0.23333333333333336","-1.3333333333333335","5.5","5.5","0.0","1.0","1.6666666666666667","2.6666666666666665","-0.9999999999999998","0.6250000000000001","4.083333333333333","3.583333333333333","0.5","1.1395348837209303","8.166666666666666","7.166666666666668","0.9999999999999982","1.13953488372093","0.4000000000000001","-0.4","0.8","-1.0000000000000002"
"1403","3106","arules","differentLengthRulesNeitherDisjunctNorSubsumingAtt","TRAFFIC","Rule 2 (strong preference)","differentLengthRulesNeitherDisjunctNorSubsumingAttH","-2","3.0","4.0","-1.0","0.75","6","6","0","1.0","4","4","0","1.0","92","173","-81","0.5317919075144508","37","51","-14","0.7254901960784313","30","43","-13","0.6976744186046512","36","23","13","1.565217391304348","1.0","1.0","0.0","1.0","6.0","0.0","1.0","9.99235087449732","31.55659189909189","-21.564241024594573","0.31664860725295474","2.217516700693478","2.217516700693478","0.0","1.0","7.359694935878383","12.042670893685253","-4.68297595780687","0.6111347724147759","1.0","1.0","0.0","1.0","0.0136986301369863","0.0136986301369863","0.0","1.0","0.4","0.2","0.2","2.0","-0.4","-0.2","-0.2","2.0","0.13333333333333336","-0.1","0.23333333333333336","-1.3333333333333335","5.5","5.5","0.0","1.0","1.6666666666666667","2.6666666666666665","-0.9999999999999998","0.6250000000000001","4.083333333333333","3.583333333333333","0.5","1.1395348837209303","8.166666666666666","7.166666666666668","0.9999999999999982","1.13953488372093","0.4000000000000001","-0.4","0.8","-1.0000000000000002"
"1403","3106","arules","differentLengthRulesNeitherDisjunctNorSubsumingAtt","TRAFFIC","Rule 1 (weak preference)","differentLengthRulesNeitherDisjunctNorSubsumingAttH","1","3.0","4.0","-1.0","0.75","6","6","0","1.0","4","4","0","1.0","92","173","-81","0.5317919075144508","37","51","-14","0.7254901960784313","30","43","-13","0.6976744186046512","36","23","13","1.565217391304348","1.0","1.0","0.0","1.0","6.0","0.0","1.0","9.99235087449732","31.55659189909189","-21.564241024594573","0.31664860725295474","2.217516700693478","2.217516700693478","0.0","1.0","7.359694935878383","12.042670893685253","-4.68297595780687","0.6111347724147759","1.0","1.0","0.0","1.0","0.0136986301369863","0.0136986301369863","0.0","1.0","0.4","0.2","0.2","2.0","-0.4","-0.2","-0.2","2.0","0.13333333333333336","-0.1","0.23333333333333336","-1.3333333333333335","5.5","5.5","0.0","1.0","1.6666666666666667","2.6666666666666665","-0.9999999999999998","0.6250000000000001","4.083333333333333","3.583333333333333","0.5","1.1395348837209303","8.166666666666666","7.166666666666668","0.9999999999999982","1.13953488372093","0.4000000000000001","-0.4","0.8","-1.0000000000000002"
"147","784","arules","differentLengthRulesNeitherDisjunctNorSubsumingAtt","TRAFFIC","No preference","differentLengthRulesR2subsumingR1AttL","0","2.0","3.0","-1.0","0.6666666666666666","6","6","0","1.0","6","6","0","1.0","49","90","-41","0.5444444444444444","37","41","-4","0.9024390243902439","24","30","-6","0.8","12","12","0","1.0","1.0","1.0","0.0","1.0","1.0","0.0","1.0","13.995922069946339","39.06419980753994","-25.068277737593604","0.3582800144096367","3.4974211724647732","3.4974211724647732","0.0","1.0","8.746671621205556","18.852514349983686","-10.10584272877813","0.46395252425378075","1.0","1.0","0.0","1.0","0.0136986301369863","0.0136986301369863","0.0","1.0","0.0","0.0","0.0","","-0.4","-0.2","-0.2","2.0","-0.1","-0.20000000000000004","0.10000000000000003","0.49999999999999994","3.333333333333333","5.5","-2.166666666666667","0.606060606060606","1.3333333333333333","1.3333333333333333","0.0","1.0","2.333333333333333","3.388888888888889","-1.0555555555555558","0.6885245901639343","4.666666666666666","10.166666666666666","-5.5","0.4590163934426229","-0.2","-0.6000000000000001","0.4000000000000001","0.3333333333333333"
"147","784","arules","differentLengthRulesNeitherDisjunctNorSubsumingAtt","TRAFFIC","Rule 1 (strong preference)","differentLengthRulesR2subsumingR1AttL","2","2.0","3.0","-1.0","0.6666666666666666","6","6","0","1.0","6","6","0","1.0","49","90","-41","0.5444444444444444","37","41","-4","0.9024390243902439","24","30","-6","0.8","12","12","0","1.0","1.0","1.0","0.0","1.0","1.0","0.0","1.0","13.995922069946339","39.06419980753994","-25.068277737593604","0.3582800144096367","3.4974211724647732","3.4974211724647732","0.0","1.0","8.746671621205556","18.852514349983686","-10.10584272877813","0.46395252425378075","1.0","1.0","0.0","1.0","0.0136986301369863","0.0136986301369863","0.0","1.0","0.0","0.0","0.0","","-0.4","-0.2","-0.2","2.0","-0.1","-0.20000000000000004","0.10000000000000003","0.49999999999999994","3.333333333333333","5.5","-2.166666666666667","0.606060606060606","1.3333333333333333","1.3333333333333333","0.0","1.0","2.333333333333333","3.388888888888889","-1.0555555555555558","0.6885245901639343","4.666666666666666","10.166666666666666","-5.5","0.4590163934426229","-0.2","-0.6000000000000001","0.4000000000000001","0.3333333333333333"
"147","784","arules","differentLengthRulesNeitherDisjunctNorSubsumingAtt","TRAFFIC","No preference","differentLengthRulesR2subsumingR1AttL","0","2.0","3.0","-1.0","0.6666666666666666","6","6","0","1.0","6","6","0","1.0","49","90","-41","0.5444444444444444","37","41","-4","0.9024390243902439","24","30","-6","0.8","12","12","0","1.0","1.0","1.0","0.0","1.0","1.0","0.0","1.0","13.995922069946339","39.06419980753994","-25.068277737593604","0.3582800144096367","3.4974211724647732","3.4974211724647732","0.0","1.0","8.746671621205556","18.852514349983686","-10.10584272877813","0.46395252425378075","1.0","1.0","0.0","1.0","0.0136986301369863","0.0136986301369863","0.0","1.0","0.0","0.0","0.0","","-0.4","-0.2","-0.2","2.0","-0.1","-0.20000000000000004","0.10000000000000003","0.49999999999999994","3.333333333333333","5.5","-2.166666666666667","0.606060606060606","1.3333333333333333","1.3333333333333333","0.0","1.0","2.333333333333333","3.388888888888889","-1.0555555555555558","0.6885245901639343","4.666666666666666","10.166666666666666","-5.5","0.4590163934426229","-0.2","-0.6000000000000001","0.4000000000000001","0.3333333333333333"
"147","784","arules","differentLengthRulesNeitherDisjunctNorSubsumingAtt","TRAFFIC","No preference","differentLengthRulesR2subsumingR1AttL","0","2.0","3.0","-1.0","0.6666666666666666","6","6","0","1.0","6","6","0","1.0","49","90","-41","0.5444444444444444","37","41","-4","0.9024390243902439","24","30","-6","0.8","12","12","0","1.0","1.0","1.0","0.0","1.0","1.0","0.0","1.0","13.995922069946339","39.06419980753994","-25.068277737593604","0.3582800144096367","3.4974211724647732","3.4974211724647732","0.0","1.0","8.746671621205556","18.852514349983686","-10.10584272877813","0.46395252425378075","1.0","1.0","0.0","1.0","0.0136986301369863","0.0136986301369863","0.0","1.0","0.0","0.0","0.0","","-0.4","-0.2","-0.2","2.0","-0.1","-0.20000000000000004","0.10000000000000003","0.49999999999999994","3.333333333333333","5.5","-2.166666666666667","0.606060606060606","1.3333333333333333","1.3333333333333333","0.0","1.0","2.333333333333333","3.388888888888889","-1.0555555555555558","0.6885245901639343","4.666666666666666","10.166666666666666","-5.5","0.4590163934426229","-0.2","-0.6000000000000001","0.4000000000000001","0.3333333333333333"
"147","784","arules","differentLengthRulesNeitherDisjunctNorSubsumingAtt","TRAFFIC","No preference","differentLengthRulesR2subsumingR1AttL","0","2.0","3.0","-1.0","0.6666666666666666","6","6","0","1.0","6","6","0","1.0","49","90","-41","0.5444444444444444","37","41","-4","0.9024390243902439","24","30","-6","0.8","12","12","0","1.0","1.0","1.0","0.0","1.0","1.0","0.0","1.0","13.995922069946339","39.06419980753994","-25.068277737593604","0.3582800144096367","3.4974211724647732","3.4974211724647732","0.0","1.0","8.746671621205556","18.852514349983686","-10.10584272877813","0.46395252425378075","1.0","1.0","0.0","1.0","0.0136986301369863","0.0136986301369863","0.0","1.0","0.0","0.0","0.0","","-0.4","-0.2","-0.2","2.0","-0.1","-0.20000000000000004","0.10000000000000003","0.49999999999999994","3.333333333333333","5.5","-2.166666666666667","0.606060606060606","1.3333333333333333","1.3333333333333333","0.0","1.0","2.333333333333333","3.388888888888889","-1.0555555555555558","0.6885245901639343","4.666666666666666","10.166666666666666","-5.5","0.4590163934426229","-0.2","-0.6000000000000001","0.4000000000000001","0.3333333333333333"
"147","784","arules","differentLengthRulesNeitherDisjunctNorSubsumingAtt","TRAFFIC","Rule 1 (strong preference)","differentLengthRulesR2subsumingR1AttL","2","2.0","3.0","-1.0","0.6666666666666666","6","6","0","1.0","6","6","0","1.0","49","90","-41","0.5444444444444444","37","41","-4","0.9024390243902439","24","30","-6","0.8","12","12","0","1.0","1.0","1.0","0.0","1.0","1.0","0.0","1.0","13.995922069946339","39.06419980753994","-25.068277737593604","0.3582800144096367","3.4974211724647732","3.4974211724647732","0.0","1.0","8.746671621205556","18.852514349983686","-10.10584272877813","0.46395252425378075","1.0","1.0","0.0","1.0","0.0136986301369863","0.0136986301369863","0.0","1.0","0.0","0.0","0.0","","-0.4","-0.2","-0.2","2.0","-0.1","-0.20000000000000004","0.10000000000000003","0.49999999999999994","3.333333333333333","5.5","-2.166666666666667","0.606060606060606","1.3333333333333333","1.3333333333333333","0.0","1.0","2.333333333333333","3.388888888888889","-1.0555555555555558","0.6885245901639343","4.666666666666666","10.166666666666666","-5.5","0.4590163934426229","-0.2","-0.6000000000000001","0.4000000000000001","0.3333333333333333"
"147","784","arules","differentLengthRulesNeitherDisjunctNorSubsumingAtt","TRAFFIC","Rule 2 (strong preference)","differentLengthRulesR2subsumingR1AttL","-2","2.0","3.0","-1.0","0.6666666666666666","6","6","0","1.0","6","6","0","1.0","49","90","-41","0.5444444444444444","37","41","-4","0.9024390243902439","24","30","-6","0.8","12","12","0","1.0","1.0","1.0","0.0","1.0","1.0","0.0","1.0","13.995922069946339","39.06419980753994","-25.068277737593604","0.3582800144096367","3.4974211724647732","3.4974211724647732","0.0","1.0","8.746671621205556","18.852514349983686","-10.10584272877813","0.46395252425378075","1.0","1.0","0.0","1.0","0.0136986301369863","0.0136986301369863","0.0","1.0","0.0","0.0","0.0","","-0.4","-0.2","-0.2","2.0","-0.1","-0.20000000000000004","0.10000000000000003","0.49999999999999994","3.333333333333333","5.5","-2.166666666666667","0.606060606060606","1.3333333333333333","1.3333333333333333","0.0","1.0","2.333333333333333","3.388888888888889","-1.0555555555555558","0.6885245901639343","4.666666666666666","10.166666666666666","-5.5","0.4590163934426229","-0.2","-0.6000000000000001","0.4000000000000001","0.3333333333333333"
"22165","33674","InvertedHeuristics","differentLengthRulesNeitherDisjunctNorSubsumingAtt","TRAFFIC","Rule 2 (weak preference)","dfInvertedHeuristicsLargeDiffInRuleLen","-1","1.0","3.0","-2.0","0.3333333333333333","6","6","0","1.0","4","6","-2","0.6666666666666666","37","90","-53","0.4111111111111111","37","38","-1","0.9736842105263158","37","30","7","1.2333333333333334","15","37","-22","0.40540540540540543","0.0","1.0","-1.0","0.0","0.0","0.0","","2.490174713978225","58.6509084091644","-56.160733695186174","0.04245756428197329","2.217516700693478","2.490174713978225","-0.2726580132847469","0.8905064725963918","2.490174713978225","35.7474337107509","-33.25725899677267","0.06966023726702694","1.0","1.0","0.0","1.0","","","","","0.2","0.2","0.0","1.0","0.0","0.2","-0.2","0.0","0.2","0.06666666666666668","0.13333333333333333","2.9999999999999996","1.3333333333333333","5.5","-4.166666666666667","0.2424242424242424","1.6666666666666667","1.3333333333333333","0.3333333333333335","1.2500000000000002","1.3333333333333333","3.2222222222222228","-1.8888888888888895","0.41379310344827575","1.3333333333333333","9.666666666666668","-8.333333333333334","0.1379310344827586","0.2","0.2","0.0","1.0"
"22165","33674","InvertedHeuristics","differentLengthRulesNeitherDisjunctNorSubsumingAtt","TRAFFIC","Rule 2 (strong preference)","dfInvertedHeuristicsLargeDiffInRuleLen","-2","1.0","3.0","-2.0","0.3333333333333333","6","6","0","1.0","4","6","-2","0.6666666666666666","37","90","-53","0.4111111111111111","37","38","-1","0.9736842105263158","37","30","7","1.2333333333333334","15","37","-22","0.40540540540540543","0.0","1.0","-1.0","0.0","0.0","0.0","","2.490174713978225","58.6509084091644","-56.160733695186174","0.04245756428197329","2.217516700693478","2.490174713978225","-0.2726580132847469","0.8905064725963918","2.490174713978225","35.7474337107509","-33.25725899677267","0.06966023726702694","1.0","1.0","0.0","1.0","","","","","0.2","0.2","0.0","1.0","0.0","0.2","-0.2","0.0","0.2","0.06666666666666668","0.13333333333333333","2.9999999999999996","1.3333333333333333","5.5","-4.166666666666667","0.2424242424242424","1.6666666666666667","1.3333333333333333","0.3333333333333335","1.2500000000000002","1.3333333333333333","3.2222222222222228","-1.8888888888888895","0.41379310344827575","1.3333333333333333","9.666666666666668","-8.333333333333334","0.1379310344827586","0.2","0.2","0.0","1.0"
"22165","33674","InvertedHeuristics","differentLengthRulesNeitherDisjunctNorSubsumingAtt","TRAFFIC","Rule 1 (strong preference)","dfInvertedHeuristicsLargeDiffInRuleLen","2","1.0","3.0","-2.0","0.3333333333333333","6","6","0","1.0","4","6","-2","0.6666666666666666","37","90","-53","0.4111111111111111","37","38","-1","0.9736842105263158","37","30","7","1.2333333333333334","15","37","-22","0.40540540540540543","0.0","1.0","-1.0","0.0","0.0","0.0","","2.490174713978225","58.6509084091644","-56.160733695186174","0.04245756428197329","2.217516700693478","2.490174713978225","-0.2726580132847469","0.8905064725963918","2.490174713978225","35.7474337107509","-33.25725899677267","0.06966023726702694","1.0","1.0","0.0","1.0","","","","","0.2","0.2","0.0","1.0","0.0","0.2","-0.2","0.0","0.2","0.06666666666666668","0.13333333333333333","2.9999999999999996","1.3333333333333333","5.5","-4.166666666666667","0.2424242424242424","1.6666666666666667","1.3333333333333333","0.3333333333333335","1.2500000000000002","1.3333333333333333","3.2222222222222228","-1.8888888888888895","0.41379310344827575","1.3333333333333333","9.666666666666668","-8.333333333333334","0.1379310344827586","0.2","0.2","0.0","1.0"
"22165","33674","InvertedHeuristics","differentLengthRulesNeitherDisjunctNorSubsumingAtt","TRAFFIC","Rule 1 (strong preference)","dfInvertedHeuristicsLargeDiffInRuleLen","2","1.0","3.0","-2.0","0.3333333333333333","6","6","0","1.0","4","6","-2","0.6666666666666666","37","90","-53","0.4111111111111111","37","38","-1","0.9736842105263158","37","30","7","1.2333333333333334","15","37","-22","0.40540540540540543","0.0","1.0","-1.0","0.0","0.0","0.0","","2.490174713978225","58.6509084091644","-56.160733695186174","0.04245756428197329","2.217516700693478","2.490174713978225","-0.2726580132847469","0.8905064725963918","2.490174713978225","35.7474337107509","-33.25725899677267","0.06966023726702694","1.0","1.0","0.0","1.0","","","","","0.2","0.2","0.0","1.0","0.0","0.2","-0.2","0.0","0.2","0.06666666666666668","0.13333333333333333","2.9999999999999996","1.3333333333333333","5.5","-4.166666666666667","0.2424242424242424","1.6666666666666667","1.3333333333333333","0.3333333333333335","1.2500000000000002","1.3333333333333333","3.2222222222222228","-1.8888888888888895","0.41379310344827575","1.3333333333333333","9.666666666666668","-8.333333333333334","0.1379310344827586","0.2","0.2","0.0","1.0"
"22165","33674","InvertedHeuristics","differentLengthRulesNeitherDisjunctNorSubsumingAtt","TRAFFIC","No preference","dfInvertedHeuristicsLargeDiffInRuleLen","0","1.0","3.0","-2.0","0.3333333333333333","6","6","0","1.0","4","6","-2","0.6666666666666666","37","90","-53","0.4111111111111111","37","38","-1","0.9736842105263158","37","30","7","1.2333333333333334","15","37","-22","0.40540540540540543","0.0","1.0","-1.0","0.0","0.0","0.0","","2.490174713978225","58.6509084091644","-56.160733695186174","0.04245756428197329","2.217516700693478","2.490174713978225","-0.2726580132847469","0.8905064725963918","2.490174713978225","35.7474337107509","-33.25725899677267","0.06966023726702694","1.0","1.0","0.0","1.0","","","","","0.2","0.2","0.0","1.0","0.0","0.2","-0.2","0.0","0.2","0.06666666666666668","0.13333333333333333","2.9999999999999996","1.3333333333333333","5.5","-4.166666666666667","0.2424242424242424","1.6666666666666667","1.3333333333333333","0.3333333333333335","1.2500000000000002","1.3333333333333333","3.2222222222222228","-1.8888888888888895","0.41379310344827575","1.3333333333333333","9.666666666666668","-8.333333333333334","0.1379310344827586","0.2","0.2","0.0","1.0"
"1614","5754","arules","differentLengthRulesNeitherDisjunctNorSubsumingAtt","TRAFFIC","Rule 2 (weak preference)","differentLengthRulesNeitherDisjunctNorSubsumingAttH","-1","3.0","4.0","-1.0","0.75","6","6","0","1.0","4","4","0","1.0","124","142","-18","0.8732394366197183","49","49","0","1.0","41","35","6","1.1714285714285715","27","37","-10","0.7297297297297297","1.0","1.0","0.0","1.0","6.0","0.0","1.0","31.55659189909189","35.69440068369156","-4.13780878459967","0.8840768102182985","0.8017521073589119","2.217516700693478","-1.4157645933345662","0.36155403344118314","12.605689239090054","19.71749863636605","-7.111809397275994","0.6393148274822599","1.0","1.0","0.0","1.0","0.0136986301369863","0.0136986301369863","0.0","1.0","0.6","0.0","0.6","","-0.4","-0.4","0.0","1.0","-1.8503717077085938e-17","-0.2","0.19999999999999998","9.251858538542969e-17","5.5","5.5","0.0","1.0","1.6666666666666667","1.6666666666666667","0.0","1.0","3.583333333333333","3.583333333333333","0.0","1.0","7.166666666666668","7.166666666666668","0.0","1.0","-5.551115123125783e-17","-0.8","0.8","6.938893903907228e-17"
"1614","5754","arules","differentLengthRulesNeitherDisjunctNorSubsumingAtt","TRAFFIC","Rule 1 (strong preference)","differentLengthRulesNeitherDisjunctNorSubsumingAttH","2","3.0","4.0","-1.0","0.75","6","6","0","1.0","4","4","0","1.0","124","142","-18","0.8732394366197183","49","49","0","1.0","41","35","6","1.1714285714285715","27","37","-10","0.7297297297297297","1.0","1.0","0.0","1.0","6.0","0.0","1.0","31.55659189909189","35.69440068369156","-4.13780878459967","0.8840768102182985","0.8017521073589119","2.217516700693478","-1.4157645933345662","0.36155403344118314","12.605689239090054","19.71749863636605","-7.111809397275994","0.6393148274822599","1.0","1.0","0.0","1.0","0.0136986301369863","0.0136986301369863","0.0","1.0","0.6","0.0","0.6","","-0.4","-0.4","0.0","1.0","-1.8503717077085938e-17","-0.2","0.19999999999999998","9.251858538542969e-17","5.5","5.5","0.0","1.0","1.6666666666666667","1.6666666666666667","0.0","1.0","3.583333333333333","3.583333333333333","0.0","1.0","7.166666666666668","7.166666666666668","0.0","1.0","-5.551115123125783e-17","-0.8","0.8","6.938893903907228e-17"
"1614","5754","arules","differentLengthRulesNeitherDisjunctNorSubsumingAtt","TRAFFIC","No preference","differentLengthRulesNeitherDisjunctNorSubsumingAttH","0","3.0","4.0","-1.0","0.75","6","6","0","1.0","4","4","0","1.0","124","142","-18","0.8732394366197183","49","49","0","1.0","41","35","6","1.1714285714285715","27","37","-10","0.7297297297297297","1.0","1.0","0.0","1.0","6.0","0.0","1.0","31.55659189909189","35.69440068369156","-4.13780878459967","0.8840768102182985","0.8017521073589119","2.217516700693478","-1.4157645933345662","0.36155403344118314","12.605689239090054","19.71749863636605","-7.111809397275994","0.6393148274822599","1.0","1.0","0.0","1.0","0.0136986301369863","0.0136986301369863","0.0","1.0","0.6","0.0","0.6","","-0.4","-0.4","0.0","1.0","-1.8503717077085938e-17","-0.2","0.19999999999999998","9.251858538542969e-17","5.5","5.5","0.0","1.0","1.6666666666666667","1.6666666666666667","0.0","1.0","3.583333333333333","3.583333333333333","0.0","1.0","7.166666666666668","7.166666666666668","0.0","1.0","-5.551115123125783e-17","-0.8","0.8","6.938893903907228e-17"
"1614","5754","arules","differentLengthRulesNeitherDisjunctNorSubsumingAtt","TRAFFIC","No preference","differentLengthRulesNeitherDisjunctNorSubsumingAttH","0","3.0","4.0","-1.0","0.75","6","6","0","1.0","4","4","0","1.0","124","142","-18","0.8732394366197183","49","49","0","1.0","41","35","6","1.1714285714285715","27","37","-10","0.7297297297297297","1.0","1.0","0.0","1.0","6.0","0.0","1.0","31.55659189909189","35.69440068369156","-4.13780878459967","0.8840768102182985","0.8017521073589119","2.217516700693478","-1.4157645933345662","0.36155403344118314","12.605689239090054","19.71749863636605","-7.111809397275994","0.6393148274822599","1.0","1.0","0.0","1.0","0.0136986301369863","0.0136986301369863","0.0","1.0","0.6","0.0","0.6","","-0.4","-0.4","0.0","1.0","-1.8503717077085938e-17","-0.2","0.19999999999999998","9.251858538542969e-17","5.5","5.5","0.0","1.0","1.6666666666666667","1.6666666666666667","0.0","1.0","3.583333333333333","3.583333333333333","0.0","1.0","7.166666666666668","7.166666666666668","0.0","1.0","-5.551115123125783e-17","-0.8","0.8","6.938893903907228e-17"
"1614","5754","arules","differentLengthRulesNeitherDisjunctNorSubsumingAtt","TRAFFIC","No preference","differentLengthRulesNeitherDisjunctNorSubsumingAttH","0","3.0","4.0","-1.0","0.75","6","6","0","1.0","4","4","0","1.0","124","142","-18","0.8732394366197183","49","49","0","1.0","41","35","6","1.1714285714285715","27","37","-10","0.7297297297297297","1.0","1.0","0.0","1.0","6.0","0.0","1.0","31.55659189909189","35.69440068369156","-4.13780878459967","0.8840768102182985","0.8017521073589119","2.217516700693478","-1.4157645933345662","0.36155403344118314","12.605689239090054","19.71749863636605","-7.111809397275994","0.6393148274822599","1.0","1.0","0.0","1.0","0.0136986301369863","0.0136986301369863","0.0","1.0","0.6","0.0","0.6","","-0.4","-0.4","0.0","1.0","-1.8503717077085938e-17","-0.2","0.19999999999999998","9.251858538542969e-17","5.5","5.5","0.0","1.0","1.6666666666666667","1.6666666666666667","0.0","1.0","3.583333333333333","3.583333333333333","0.0","1.0","7.166666666666668","7.166666666666668","0.0","1.0","-5.551115123125783e-17","-0.8","0.8","6.938893903907228e-17"
"1204","269","arules","differentLengthRulesNeitherDisjunctNorSubsumingAtt","TRAFFIC","Rule 2 (strong preference)","differentLengthRulesR1subsumingR2AttH","-2","3.0","2.0","1.0","1.5","6","6","0","1.0","6","6","0","1.0","103","65","38","1.5846153846153845","38","37","1","1.027027027027027","34","32","2","1.0625","28","28","0","1.0","1.0","1.0","0.0","1.0","1.0","0.0","1.0","10.817249855321824","10.817249855321824","0.0","1.0","4.289349562824373","4.042959117484799","0.246390445339574","1.0609430959304031","6.3831861785436645","7.553299709073099","-1.1701135305294343","0.84508578030819","1.0","1.0","0.0","1.0","0.0205479452054795","0.0205479452054795","0.0","1.0","0.6","0.0","0.6","","-0.2","-0.2","0.0","1.0","0.13333333333333333","-0.1","0.23333333333333334","-1.3333333333333333","1.6666666666666667","1.6666666666666667","0.0","1.0","1.3333333333333333","1.3333333333333333","0.0","1.0","1.5","1.5","0.0","1.0","3.0","3.0","0.0","1.0","0.4","-0.2","0.6000000000000001","-2.0"
"1204","269","arules","differentLengthRulesNeitherDisjunctNorSubsumingAtt","TRAFFIC","Rule 2 (strong preference)","differentLengthRulesR1subsumingR2AttH","-2","3.0","2.0","1.0","1.5","6","6","0","1.0","6","6","0","1.0","103","65","38","1.5846153846153845","38","37","1","1.027027027027027","34","32","2","1.0625","28","28","0","1.0","1.0","1.0","0.0","1.0","1.0","0.0","1.0","10.817249855321824","10.817249855321824","0.0","1.0","4.289349562824373","4.042959117484799","0.246390445339574","1.0609430959304031","6.3831861785436645","7.553299709073099","-1.1701135305294343","0.84508578030819","1.0","1.0","0.0","1.0","0.0205479452054795","0.0205479452054795","0.0","1.0","0.6","0.0","0.6","","-0.2","-0.2","0.0","1.0","0.13333333333333333","-0.1","0.23333333333333334","-1.3333333333333333","1.6666666666666667","1.6666666666666667","0.0","1.0","1.3333333333333333","1.3333333333333333","0.0","1.0","1.5","1.5","0.0","1.0","3.0","3.0","0.0","1.0","0.4","-0.2","0.6000000000000001","-2.0"
"1204","269","arules","differentLengthRulesNeitherDisjunctNorSubsumingAtt","TRAFFIC","No preference","differentLengthRulesR1subsumingR2AttH","0","3.0","2.0","1.0","1.5","6","6","0","1.0","6","6","0","1.0","103","65","38","1.5846153846153845","38","37","1","1.027027027027027","34","32","2","1.0625","28","28","0","1.0","1.0","1.0","0.0","1.0","1.0","0.0","1.0","10.817249855321824","10.817249855321824","0.0","1.0","4.289349562824373","4.042959117484799","0.246390445339574","1.0609430959304031","6.3831861785436645","7.553299709073099","-1.1701135305294343","0.84508578030819","1.0","1.0","0.0","1.0","0.0205479452054795","0.0205479452054795","0.0","1.0","0.6","0.0","0.6","","-0.2","-0.2","0.0","1.0","0.13333333333333333","-0.1","0.23333333333333334","-1.3333333333333333","1.6666666666666667","1.6666666666666667","0.0","1.0","1.3333333333333333","1.3333333333333333","0.0","1.0","1.5","1.5","0.0","1.0","3.0","3.0","0.0","1.0","0.4","-0.2","0.6000000000000001","-2.0"
"1204","269","arules","differentLengthRulesNeitherDisjunctNorSubsumingAtt","TRAFFIC","No preference","differentLengthRulesR1subsumingR2AttH","0","3.0","2.0","1.0","1.5","6","6","0","1.0","6","6","0","1.0","103","65","38","1.5846153846153845","38","37","1","1.027027027027027","34","32","2","1.0625","28","28","0","1.0","1.0","1.0","0.0","1.0","1.0","0.0","1.0","10.817249855321824","10.817249855321824","0.0","1.0","4.289349562824373","4.042959117484799","0.246390445339574","1.0609430959304031","6.3831861785436645","7.553299709073099","-1.1701135305294343","0.84508578030819","1.0","1.0","0.0","1.0","0.0205479452054795","0.0205479452054795","0.0","1.0","0.6","0.0","0.6","","-0.2","-0.2","0.0","1.0","0.13333333333333333","-0.1","0.23333333333333334","-1.3333333333333333","1.6666666666666667","1.6666666666666667","0.0","1.0","1.3333333333333333","1.3333333333333333","0.0","1.0","1.5","1.5","0.0","1.0","3.0","3.0","0.0","1.0","0.4","-0.2","0.6000000000000001","-2.0"
"1204","269","arules","differentLengthRulesNeitherDisjunctNorSubsumingAtt","TRAFFIC","No preference","differentLengthRulesR1subsumingR2AttH","0","3.0","2.0","1.0","1.5","6","6","0","1.0","6","6","0","1.0","103","65","38","1.5846153846153845","38","37","1","1.027027027027027","34","32","2","1.0625","28","28","0","1.0","1.0","1.0","0.0","1.0","1.0","0.0","1.0","10.817249855321824","10.817249855321824","0.0","1.0","4.289349562824373","4.042959117484799","0.246390445339574","1.0609430959304031","6.3831861785436645","7.553299709073099","-1.1701135305294343","0.84508578030819","1.0","1.0","0.0","1.0","0.0205479452054795","0.0205479452054795","0.0","1.0","0.6","0.0","0.6","","-0.2","-0.2","0.0","1.0","0.13333333333333333","-0.1","0.23333333333333334","-1.3333333333333333","1.6666666666666667","1.6666666666666667","0.0","1.0","1.3333333333333333","1.3333333333333333","0.0","1.0","1.5","1.5","0.0","1.0","3.0","3.0","0.0","1.0","0.4","-0.2","0.6000000000000001","-2.0"
"5158","548","arules","differentLengthRulesNeitherDisjunctNorSubsumingAtt","TRAFFIC","Rule 1 (strong preference)","differentLengthRulesR1subsumingR2AttL","2","4.0","2.0","2.0","2.0","6","6","0","1.0","6","6","0","1.0","126","79","47","1.5949367088607596","41","41","0","1.0","31","39","-8","0.7948717948717948","38","15","23","2.533333333333333","1.0","1.0","0.0","1.0","1.0","0.0","1.0","58.6509084091644","58.6509084091644","0.0","1.0","39.06419980753994","17.129053730423678","21.935146077116265","2.2805813106976407","40.30450949238071","48.85755410835218","-8.553044615971473","0.8249391568598942","1.0","1.0","0.0","1.0","0.0136986301369863","0.0136986301369863","0.0","1.0","0.2","0.0","0.2","","-0.4","-0.4","0.0","1.0","-0.05","-0.2","0.15000000000000002","0.25","5.5","5.5","0.0","1.0","1.6666666666666667","1.6666666666666667","0.0","1.0","3.2222222222222228","3.583333333333333","-0.3611111111111103","0.8992248062015507","9.666666666666668","7.166666666666668","2.5","1.3488372093023255","-0.2","-0.4","0.2","0.5"
"5158","548","arules","differentLengthRulesNeitherDisjunctNorSubsumingAtt","TRAFFIC","Rule 1 (strong preference)","differentLengthRulesR1subsumingR2AttL","2","4.0","2.0","2.0","2.0","6","6","0","1.0","6","6","0","1.0","126","79","47","1.5949367088607596","41","41","0","1.0","31","39","-8","0.7948717948717948","38","15","23","2.533333333333333","1.0","1.0","0.0","1.0","1.0","0.0","1.0","58.6509084091644","58.6509084091644","0.0","1.0","39.06419980753994","17.129053730423678","21.935146077116265","2.2805813106976407","40.30450949238071","48.85755410835218","-8.553044615971473","0.8249391568598942","1.0","1.0","0.0","1.0","0.0136986301369863","0.0136986301369863","0.0","1.0","0.2","0.0","0.2","","-0.4","-0.4","0.0","1.0","-0.05","-0.2","0.15000000000000002","0.25","5.5","5.5","0.0","1.0","1.6666666666666667","1.6666666666666667","0.0","1.0","3.2222222222222228","3.583333333333333","-0.3611111111111103","0.8992248062015507","9.666666666666668","7.166666666666668","2.5","1.3488372093023255","-0.2","-0.4","0.2","0.5"
"5158","548","arules","differentLengthRulesNeitherDisjunctNorSubsumingAtt","TRAFFIC","No preference","differentLengthRulesR1subsumingR2AttL","0","4.0","2.0","2.0","2.0","6","6","0","1.0","6","6","0","1.0","126","79","47","1.5949367088607596","41","41","0","1.0","31","39","-8","0.7948717948717948","38","15","23","2.533333333333333","1.0","1.0","0.0","1.0","1.0","0.0","1.0","58.6509084091644","58.6509084091644","0.0","1.0","39.06419980753994","17.129053730423678","21.935146077116265","2.2805813106976407","40.30450949238071","48.85755410835218","-8.553044615971473","0.8249391568598942","1.0","1.0","0.0","1.0","0.0136986301369863","0.0136986301369863","0.0","1.0","0.2","0.0","0.2","","-0.4","-0.4","0.0","1.0","-0.05","-0.2","0.15000000000000002","0.25","5.5","5.5","0.0","1.0","1.6666666666666667","1.6666666666666667","0.0","1.0","3.2222222222222228","3.583333333333333","-0.3611111111111103","0.8992248062015507","9.666666666666668","7.166666666666668","2.5","1.3488372093023255","-0.2","-0.4","0.2","0.5"
"5158","548","arules","differentLengthRulesNeitherDisjunctNorSubsumingAtt","TRAFFIC","Rule 1 (strong preference)","differentLengthRulesR1subsumingR2AttL","2","4.0","2.0","2.0","2.0","6","6","0","1.0","6","6","0","1.0","126","79","47","1.5949367088607596","41","41","0","1.0","31","39","-8","0.7948717948717948","38","15","23","2.533333333333333","1.0","1.0","0.0","1.0","1.0","0.0","1.0","58.6509084091644","58.6509084091644","0.0","1.0","39.06419980753994","17.129053730423678","21.935146077116265","2.2805813106976407","40.30450949238071","48.85755410835218","-8.553044615971473","0.8249391568598942","1.0","1.0","0.0","1.0","0.0136986301369863","0.0136986301369863","0.0","1.0","0.2","0.0","0.2","","-0.4","-0.4","0.0","1.0","-0.05","-0.2","0.15000000000000002","0.25","5.5","5.5","0.0","1.0","1.6666666666666667","1.6666666666666667","0.0","1.0","3.2222222222222228","3.583333333333333","-0.3611111111111103","0.8992248062015507","9.666666666666668","7.166666666666668","2.5","1.3488372093023255","-0.2","-0.4","0.2","0.5"
"5158","548","arules","differentLengthRulesNeitherDisjunctNorSubsumingAtt","TRAFFIC","No preference","differentLengthRulesR1subsumingR2AttL","0","4.0","2.0","2.0","2.0","6","6","0","1.0","6","6","0","1.0","126","79","47","1.5949367088607596","41","41","0","1.0","31","39","-8","0.7948717948717948","38","15","23","2.533333333333333","1.0","1.0","0.0","1.0","1.0","0.0","1.0","58.6509084091644","58.6509084091644","0.0","1.0","39.06419980753994","17.129053730423678","21.935146077116265","2.2805813106976407","40.30450949238071","48.85755410835218","-8.553044615971473","0.8249391568598942","1.0","1.0","0.0","1.0","0.0136986301369863","0.0136986301369863","0.0","1.0","0.2","0.0","0.2","","-0.4","-0.4","0.0","1.0","-0.05","-0.2","0.15000000000000002","0.25","5.5","5.5","0.0","1.0","1.6666666666666667","1.6666666666666667","0.0","1.0","3.2222222222222228","3.583333333333333","-0.3611111111111103","0.8992248062015507","9.666666666666668","7.166666666666668","2.5","1.3488372093023255","-0.2","-0.4","0.2","0.5"
"33933","24641","InvertedHeuristics","differentLengthRulesNeitherDisjunctNorSubsumingAtt","TRAFFIC","Rule 2 (strong preference)","dfInvertedHeuristicsOther","-2","1.0","2.0","-1.0","0.5","4","6","-2","0.6666666666666666","6","4","2","1.5","23","53","-30","0.4339622641509434","23","38","-15","0.6052631578947368","23","26","-3","0.8846153846153846","15","23","-8","0.6521739130434783","0.0","1.0","-1.0","0.0","0.0","0.0","","5.4582149840304135","58.6509084091644","-53.19269342513399","0.09306275268496181","46.3738760223948","5.4582149840304135","40.91566103836439","8.49616150299594","5.4582149840304135","52.5123922157796","-47.054177231749186","0.10394146512316495","1.0","0.938","0.062000000000000055","1.0660980810234542","","","","","0.4","0.0","0.4","","0.0","0.4","-0.4","0.0","0.4","0.0","0.4","","2.5","2.5","0.0","1.0","1.6666666666666667","2.5","-0.8333333333333333","0.6666666666666667","2.5","2.083333333333333","0.41666666666666696","1.2000000000000002","2.5","4.166666666666667","-1.666666666666667","0.6","0.4","0.0","0.4",""
"33933","24641","InvertedHeuristics","differentLengthRulesNeitherDisjunctNorSubsumingAtt","TRAFFIC","Rule 2 (weak preference)","dfInvertedHeuristicsOther","-1","1.0","2.0","-1.0","0.5","4","6","-2","0.6666666666666666","6","4","2","1.5","23","53","-30","0.4339622641509434","23","38","-15","0.6052631578947368","23","26","-3","0.8846153846153846","15","23","-8","0.6521739130434783","0.0","1.0","-1.0","0.0","0.0","0.0","","5.4582149840304135","58.6509084091644","-53.19269342513399","0.09306275268496181","46.3738760223948","5.4582149840304135","40.91566103836439","8.49616150299594","5.4582149840304135","52.5123922157796","-47.054177231749186","0.10394146512316495","1.0","0.938","0.062000000000000055","1.0660980810234542","","","","","0.4","0.0","0.4","","0.0","0.4","-0.4","0.0","0.4","0.0","0.4","","2.5","2.5","0.0","1.0","1.6666666666666667","2.5","-0.8333333333333333","0.6666666666666667","2.5","2.083333333333333","0.41666666666666696","1.2000000000000002","2.5","4.166666666666667","-1.666666666666667","0.6","0.4","0.0","0.4",""
"33933","24641","InvertedHeuristics","differentLengthRulesNeitherDisjunctNorSubsumingAtt","TRAFFIC","No preference","dfInvertedHeuristicsOther","0","1.0","2.0","-1.0","0.5","4","6","-2","0.6666666666666666","6","4","2","1.5","23","53","-30","0.4339622641509434","23","38","-15","0.6052631578947368","23","26","-3","0.8846153846153846","15","23","-8","0.6521739130434783","0.0","1.0","-1.0","0.0","0.0","0.0","","5.4582149840304135","58.6509084091644","-53.19269342513399","0.09306275268496181","46.3738760223948","5.4582149840304135","40.91566103836439","8.49616150299594","5.4582149840304135","52.5123922157796","-47.054177231749186","0.10394146512316495","1.0","0.938","0.062000000000000055","1.0660980810234542","","","","","0.4","0.0","0.4","","0.0","0.4","-0.4","0.0","0.4","0.0","0.4","","2.5","2.5","0.0","1.0","1.6666666666666667","2.5","-0.8333333333333333","0.6666666666666667","2.5","2.083333333333333","0.41666666666666696","1.2000000000000002","2.5","4.166666666666667","-1.666666666666667","0.6","0.4","0.0","0.4",""
"33933","24641","InvertedHeuristics","differentLengthRulesNeitherDisjunctNorSubsumingAtt","TRAFFIC","No preference","dfInvertedHeuristicsOther","0","1.0","2.0","-1.0","0.5","4","6","-2","0.6666666666666666","6","4","2","1.5","23","53","-30","0.4339622641509434","23","38","-15","0.6052631578947368","23","26","-3","0.8846153846153846","15","23","-8","0.6521739130434783","0.0","1.0","-1.0","0.0","0.0","0.0","","5.4582149840304135","58.6509084091644","-53.19269342513399","0.09306275268496181","46.3738760223948","5.4582149840304135","40.91566103836439","8.49616150299594","5.4582149840304135","52.5123922157796","-47.054177231749186","0.10394146512316495","1.0","0.938","0.062000000000000055","1.0660980810234542","","","","","0.4","0.0","0.4","","0.0","0.4","-0.4","0.0","0.4","0.0","0.4","","2.5","2.5","0.0","1.0","1.6666666666666667","2.5","-0.8333333333333333","0.6666666666666667","2.5","2.083333333333333","0.41666666666666696","1.2000000000000002","2.5","4.166666666666667","-1.666666666666667","0.6","0.4","0.0","0.4",""
"33933","24641","InvertedHeuristics","differentLengthRulesNeitherDisjunctNorSubsumingAtt","TRAFFIC","No preference","dfInvertedHeuristicsOther","0","1.0","2.0","-1.0","0.5","4","6","-2","0.6666666666666666","6","4","2","1.5","23","53","-30","0.4339622641509434","23","38","-15","0.6052631578947368","23","26","-3","0.8846153846153846","15","23","-8","0.6521739130434783","0.0","1.0","-1.0","0.0","0.0","0.0","","5.4582149840304135","58.6509084091644","-53.19269342513399","0.09306275268496181","46.3738760223948","5.4582149840304135","40.91566103836439","8.49616150299594","5.4582149840304135","52.5123922157796","-47.054177231749186","0.10394146512316495","1.0","0.938","0.062000000000000055","1.0660980810234542","","","","","0.4","0.0","0.4","","0.0","0.4","-0.4","0.0","0.4","0.0","0.4","","2.5","2.5","0.0","1.0","1.6666666666666667","2.5","-0.8333333333333333","0.6666666666666667","2.5","2.083333333333333","0.41666666666666696","1.2000000000000002","2.5","4.166666666666667","-1.666666666666667","0.6","0.4","0.0","0.4",""
"27542","13407","InvertedHeuristics","differentLengthRulesNeitherDisjunctNorSubsumingAtt","TRAFFIC","No preference","dfInvertedHeuristicsLargeDiffInRuleLen","0","1.0","3.0","-2.0","0.3333333333333333","6","6","0","1.0","4","6","-2","0.6666666666666666","37","112","-75","0.33035714285714285","37","38","-1","0.9736842105263158","37","37","0","1.0","37","37","0","1.0","0.0","1.0","-1.0","0.0","0.0","0.0","","7.626923231127403","35.69440068369156","-28.06747745256416","0.2136728194069966","2.217516700693478","7.626923231127403","-5.409406530433925","0.2907485277474974","7.626923231127403","15.179613538504148","-7.552690307376745","0.5024451519652448","1.0","1.0","0.0","1.0","","","","","0.0","0.0","0.0","","-0.2","0.0","-0.2","-inf","0.0","-0.06666666666666668","0.06666666666666668","-0.0","1.3333333333333333","5.5","-4.166666666666667","0.2424242424242424","1.3333333333333333","1.3333333333333333","0.0","1.0","1.3333333333333333","3.4166666666666665","-2.083333333333333","0.3902439024390244","1.3333333333333333","6.833333333333332","-5.499999999999999","0.19512195121951223","0.0","-0.2","0.2","-0.0"
"27542","13407","InvertedHeuristics","differentLengthRulesNeitherDisjunctNorSubsumingAtt","TRAFFIC","No preference","dfInvertedHeuristicsLargeDiffInRuleLen","0","1.0","3.0","-2.0","0.3333333333333333","6","6","0","1.0","4","6","-2","0.6666666666666666","37","112","-75","0.33035714285714285","37","38","-1","0.9736842105263158","37","37","0","1.0","37","37","0","1.0","0.0","1.0","-1.0","0.0","0.0","0.0","","7.626923231127403","35.69440068369156","-28.06747745256416","0.2136728194069966","2.217516700693478","7.626923231127403","-5.409406530433925","0.2907485277474974","7.626923231127403","15.179613538504148","-7.552690307376745","0.5024451519652448","1.0","1.0","0.0","1.0","","","","","0.0","0.0","0.0","","-0.2","0.0","-0.2","-inf","0.0","-0.06666666666666668","0.06666666666666668","-0.0","1.3333333333333333","5.5","-4.166666666666667","0.2424242424242424","1.3333333333333333","1.3333333333333333","0.0","1.0","1.3333333333333333","3.4166666666666665","-2.083333333333333","0.3902439024390244","1.3333333333333333","6.833333333333332","-5.499999999999999","0.19512195121951223","0.0","-0.2","0.2","-0.0"
"27542","13407","InvertedHeuristics","differentLengthRulesNeitherDisjunctNorSubsumingAtt","TRAFFIC","Rule 2 (weak preference)","dfInvertedHeuristicsLargeDiffInRuleLen","-1","1.0","3.0","-2.0","0.3333333333333333","6","6","0","1.0","4","6","-2","0.6666666666666666","37","112","-75","0.33035714285714285","37","38","-1","0.9736842105263158","37","37","0","1.0","37","37","0","1.0","0.0","1.0","-1.0","0.0","0.0","0.0","","7.626923231127403","35.69440068369156","-28.06747745256416","0.2136728194069966","2.217516700693478","7.626923231127403","-5.409406530433925","0.2907485277474974","7.626923231127403","15.179613538504148","-7.552690307376745","0.5024451519652448","1.0","1.0","0.0","1.0","","","","","0.0","0.0","0.0","","-0.2","0.0","-0.2","-inf","0.0","-0.06666666666666668","0.06666666666666668","-0.0","1.3333333333333333","5.5","-4.166666666666667","0.2424242424242424","1.3333333333333333","1.3333333333333333","0.0","1.0","1.3333333333333333","3.4166666666666665","-2.083333333333333","0.3902439024390244","1.3333333333333333","6.833333333333332","-5.499999999999999","0.19512195121951223","0.0","-0.2","0.2","-0.0"
"27542","13407","InvertedHeuristics","differentLengthRulesNeitherDisjunctNorSubsumingAtt","TRAFFIC","Rule 1 (strong preference)","dfInvertedHeuristicsLargeDiffInRuleLen","2","1.0","3.0","-2.0","0.3333333333333333","6","6","0","1.0","4","6","-2","0.6666666666666666","37","112","-75","0.33035714285714285","37","38","-1","0.9736842105263158","37","37","0","1.0","37","37","0","1.0","0.0","1.0","-1.0","0.0","0.0","0.0","","7.626923231127403","35.69440068369156","-28.06747745256416","0.2136728194069966","2.217516700693478","7.626923231127403","-5.409406530433925","0.2907485277474974","7.626923231127403","15.179613538504148","-7.552690307376745","0.5024451519652448","1.0","1.0","0.0","1.0","","","","","0.0","0.0","0.0","","-0.2","0.0","-0.2","-inf","0.0","-0.06666666666666668","0.06666666666666668","-0.0","1.3333333333333333","5.5","-4.166666666666667","0.2424242424242424","1.3333333333333333","1.3333333333333333","0.0","1.0","1.3333333333333333","3.4166666666666665","-2.083333333333333","0.3902439024390244","1.3333333333333333","6.833333333333332","-5.499999999999999","0.19512195121951223","0.0","-0.2","0.2","-0.0"
"27542","13407","InvertedHeuristics","differentLengthRulesNeitherDisjunctNorSubsumingAtt","TRAFFIC","Rule 2 (strong preference)","dfInvertedHeuristicsLargeDiffInRuleLen","-2","1.0","3.0","-2.0","0.3333333333333333","6","6","0","1.0","4","6","-2","0.6666666666666666","37","112","-75","0.33035714285714285","37","38","-1","0.9736842105263158","37","37","0","1.0","37","37","0","1.0","0.0","1.0","-1.0","0.0","0.0","0.0","","7.626923231127403","35.69440068369156","-28.06747745256416","0.2136728194069966","2.217516700693478","7.626923231127403","-5.409406530433925","0.2907485277474974","7.626923231127403","15.179613538504148","-7.552690307376745","0.5024451519652448","1.0","1.0","0.0","1.0","","","","","0.0","0.0","0.0","","-0.2","0.0","-0.2","-inf","0.0","-0.06666666666666668","0.06666666666666668","-0.0","1.3333333333333333","5.5","-4.166666666666667","0.2424242424242424","1.3333333333333333","1.3333333333333333","0.0","1.0","1.3333333333333333","3.4166666666666665","-2.083333333333333","0.3902439024390244","1.3333333333333333","6.833333333333332","-5.499999999999999","0.19512195121951223","0.0","-0.2","0.2","-0.0"
"1186","261","arules","differentLengthRulesNeitherDisjunctNorSubsumingAtt","TRAFFIC","No preference","differentLengthRulesR1subsumingR2AttL","0","3.0","2.0","1.0","1.5","6","6","0","1.0","6","6","0","1.0","115","74","41","1.554054054054054","41","37","4","1.1081081081081081","38","37","1","1.027027027027027","37","37","0","1.0","1.0","1.0","0.0","1.0","1.0","0.0","1.0","39.06419980753994","13.995922069946339","25.068277737593604","2.7911129836470803","8.749520536464441","8.749520536464441","0.0","1.0","20.603214137983574","11.37272130320539","9.230492834778184","1.8116344882360371","1.0","1.0","0.0","1.0","0.0136986301369863","0.0136986301369863","0.0","1.0","-0.2","-0.2","0.0","1.0","-0.2","-0.4","0.2","0.5","-0.26666666666666666","-0.2","-0.06666666666666665","1.3333333333333333","5.5","1.3333333333333333","4.166666666666667","4.125","1.3333333333333333","1.3333333333333333","0.0","1.0","3.4166666666666665","1.3333333333333333","2.083333333333333","2.5625","6.833333333333332","1.3333333333333333","5.499999999999999","5.124999999999999","-0.8","-0.4","-0.4","2.0"
"1186","261","arules","differentLengthRulesNeitherDisjunctNorSubsumingAtt","TRAFFIC","Rule 1 (strong preference)","differentLengthRulesR1subsumingR2AttL","2","3.0","2.0","1.0","1.5","6","6","0","1.0","6","6","0","1.0","115","74","41","1.554054054054054","41","37","4","1.1081081081081081","38","37","1","1.027027027027027","37","37","0","1.0","1.0","1.0","0.0","1.0","1.0","0.0","1.0","39.06419980753994","13.995922069946339","25.068277737593604","2.7911129836470803","8.749520536464441","8.749520536464441","0.0","1.0","20.603214137983574","11.37272130320539","9.230492834778184","1.8116344882360371","1.0","1.0","0.0","1.0","0.0136986301369863","0.0136986301369863","0.0","1.0","-0.2","-0.2","0.0","1.0","-0.2","-0.4","0.2","0.5","-0.26666666666666666","-0.2","-0.06666666666666665","1.3333333333333333","5.5","1.3333333333333333","4.166666666666667","4.125","1.3333333333333333","1.3333333333333333","0.0","1.0","3.4166666666666665","1.3333333333333333","2.083333333333333","2.5625","6.833333333333332","1.3333333333333333","5.499999999999999","5.124999999999999","-0.8","-0.4","-0.4","2.0"
"1186","261","arules","differentLengthRulesNeitherDisjunctNorSubsumingAtt","TRAFFIC","No preference","differentLengthRulesR1subsumingR2AttL","0","3.0","2.0","1.0","1.5","6","6","0","1.0","6","6","0","1.0","115","74","41","1.554054054054054","41","37","4","1.1081081081081081","38","37","1","1.027027027027027","37","37","0","1.0","1.0","1.0","0.0","1.0","1.0","0.0","1.0","39.06419980753994","13.995922069946339","25.068277737593604","2.7911129836470803","8.749520536464441","8.749520536464441","0.0","1.0","20.603214137983574","11.37272130320539","9.230492834778184","1.8116344882360371","1.0","1.0","0.0","1.0","0.0136986301369863","0.0136986301369863","0.0","1.0","-0.2","-0.2","0.0","1.0","-0.2","-0.4","0.2","0.5","-0.26666666666666666","-0.2","-0.06666666666666665","1.3333333333333333","5.5","1.3333333333333333","4.166666666666667","4.125","1.3333333333333333","1.3333333333333333","0.0","1.0","3.4166666666666665","1.3333333333333333","2.083333333333333","2.5625","6.833333333333332","1.3333333333333333","5.499999999999999","5.124999999999999","-0.8","-0.4","-0.4","2.0"
"1186","261","arules","differentLengthRulesNeitherDisjunctNorSubsumingAtt","TRAFFIC","Rule 1 (strong preference)","differentLengthRulesR1subsumingR2AttL","2","3.0","2.0","1.0","1.5","6","6","0","1.0","6","6","0","1.0","115","74","41","1.554054054054054","41","37","4","1.1081081081081081","38","37","1","1.027027027027027","37","37","0","1.0","1.0","1.0","0.0","1.0","1.0","0.0","1.0","39.06419980753994","13.995922069946339","25.068277737593604","2.7911129836470803","8.749520536464441","8.749520536464441","0.0","1.0","20.603214137983574","11.37272130320539","9.230492834778184","1.8116344882360371","1.0","1.0","0.0","1.0","0.0136986301369863","0.0136986301369863","0.0","1.0","-0.2","-0.2","0.0","1.0","-0.2","-0.4","0.2","0.5","-0.26666666666666666","-0.2","-0.06666666666666665","1.3333333333333333","5.5","1.3333333333333333","4.166666666666667","4.125","1.3333333333333333","1.3333333333333333","0.0","1.0","3.4166666666666665","1.3333333333333333","2.083333333333333","2.5625","6.833333333333332","1.3333333333333333","5.499999999999999","5.124999999999999","-0.8","-0.4","-0.4","2.0"
"1186","261","arules","differentLengthRulesNeitherDisjunctNorSubsumingAtt","TRAFFIC","No preference","differentLengthRulesR1subsumingR2AttL","0","3.0","2.0","1.0","1.5","6","6","0","1.0","6","6","0","1.0","115","74","41","1.554054054054054","41","37","4","1.1081081081081081","38","37","1","1.027027027027027","37","37","0","1.0","1.0","1.0","0.0","1.0","1.0","0.0","1.0","39.06419980753994","13.995922069946339","25.068277737593604","2.7911129836470803","8.749520536464441","8.749520536464441","0.0","1.0","20.603214137983574","11.37272130320539","9.230492834778184","1.8116344882360371","1.0","1.0","0.0","1.0","0.0136986301369863","0.0136986301369863","0.0","1.0","-0.2","-0.2","0.0","1.0","-0.2","-0.4","0.2","0.5","-0.26666666666666666","-0.2","-0.06666666666666665","1.3333333333333333","5.5","1.3333333333333333","4.166666666666667","4.125","1.3333333333333333","1.3333333333333333","0.0","1.0","3.4166666666666665","1.3333333333333333","2.083333333333333","2.5625","6.833333333333332","1.3333333333333333","5.499999999999999","5.124999999999999","-0.8","-0.4","-0.4","2.0"
"8332","8447","arules","differentLengthRulesNeitherDisjunctNorSubsumingAtt","TRAFFIC","Rule 1 (weak preference)","differentLengthRulesR2subsumingR1AttL","1","3.0","4.0","-1.0","0.75","6","6","0","1.0","6","6","0","1.0","119","146","-27","0.815068493150685","60","60","0","1.0","39","36","3","1.0833333333333333","22","22","0","1.0","1.0","1.0","0.0","1.0","1.0","0.0","1.0","13.231475657119582","13.231475657119582","0.0","1.0","2.4983686339061366","2.4983686339061366","0.0","1.0","9.503824577853225","9.871135990983404","-0.3673114131301798","0.9627893472984576","0.6","0.6","0.0","1.0","0.0205479452054795","0.0205479452054795","0.0","1.0","0.0","0.0","0.0","","-0.4","-0.2","-0.2","2.0","-0.06666666666666668","-0.15000000000000002","0.08333333333333334","0.4444444444444445","5.5","5.5","0.0","1.0","1.6666666666666667","1.6666666666666667","0.0","1.0","3.277777777777777","3.277777777777777","0.0","1.0","9.833333333333332","9.833333333333332","0.0","1.0","-0.2","-0.6000000000000001","0.4000000000000001","0.3333333333333333"
"8332","8447","arules","differentLengthRulesNeitherDisjunctNorSubsumingAtt","TRAFFIC","Rule 2 (strong preference)","differentLengthRulesR2subsumingR1AttL","-2","3.0","4.0","-1.0","0.75","6","6","0","1.0","6","6","0","1.0","119","146","-27","0.815068493150685","60","60","0","1.0","39","36","3","1.0833333333333333","22","22","0","1.0","1.0","1.0","0.0","1.0","1.0","0.0","1.0","13.231475657119582","13.231475657119582","0.0","1.0","2.4983686339061366","2.4983686339061366","0.0","1.0","9.503824577853225","9.871135990983404","-0.3673114131301798","0.9627893472984576","0.6","0.6","0.0","1.0","0.0205479452054795","0.0205479452054795","0.0","1.0","0.0","0.0","0.0","","-0.4","-0.2","-0.2","2.0","-0.06666666666666668","-0.15000000000000002","0.08333333333333334","0.4444444444444445","5.5","5.5","0.0","1.0","1.6666666666666667","1.6666666666666667","0.0","1.0","3.277777777777777","3.277777777777777","0.0","1.0","9.833333333333332","9.833333333333332","0.0","1.0","-0.2","-0.6000000000000001","0.4000000000000001","0.3333333333333333"
"8332","8447","arules","differentLengthRulesNeitherDisjunctNorSubsumingAtt","TRAFFIC","No preference","differentLengthRulesR2subsumingR1AttL","0","3.0","4.0","-1.0","0.75","6","6","0","1.0","6","6","0","1.0","119","146","-27","0.815068493150685","60","60","0","1.0","39","36","3","1.0833333333333333","22","22","0","1.0","1.0","1.0","0.0","1.0","1.0","0.0","1.0","13.231475657119582","13.231475657119582","0.0","1.0","2.4983686339061366","2.4983686339061366","0.0","1.0","9.503824577853225","9.871135990983404","-0.3673114131301798","0.9627893472984576","0.6","0.6","0.0","1.0","0.0205479452054795","0.0205479452054795","0.0","1.0","0.0","0.0","0.0","","-0.4","-0.2","-0.2","2.0","-0.06666666666666668","-0.15000000000000002","0.08333333333333334","0.4444444444444445","5.5","5.5","0.0","1.0","1.6666666666666667","1.6666666666666667","0.0","1.0","3.277777777777777","3.277777777777777","0.0","1.0","9.833333333333332","9.833333333333332","0.0","1.0","-0.2","-0.6000000000000001","0.4000000000000001","0.3333333333333333"
"8332","8447","arules","differentLengthRulesNeitherDisjunctNorSubsumingAtt","TRAFFIC","No preference","differentLengthRulesR2subsumingR1AttL","0","3.0","4.0","-1.0","0.75","6","6","0","1.0","6","6","0","1.0","119","146","-27","0.815068493150685","60","60","0","1.0","39","36","3","1.0833333333333333","22","22","0","1.0","1.0","1.0","0.0","1.0","1.0","0.0","1.0","13.231475657119582","13.231475657119582","0.0","1.0","2.4983686339061366","2.4983686339061366","0.0","1.0","9.503824577853225","9.871135990983404","-0.3673114131301798","0.9627893472984576","0.6","0.6","0.0","1.0","0.0205479452054795","0.0205479452054795","0.0","1.0","0.0","0.0","0.0","","-0.4","-0.2","-0.2","2.0","-0.06666666666666668","-0.15000000000000002","0.08333333333333334","0.4444444444444445","5.5","5.5","0.0","1.0","1.6666666666666667","1.6666666666666667","0.0","1.0","3.277777777777777","3.277777777777777","0.0","1.0","9.833333333333332","9.833333333333332","0.0","1.0","-0.2","-0.6000000000000001","0.4000000000000001","0.3333333333333333"
"8332","8447","arules","differentLengthRulesNeitherDisjunctNorSubsumingAtt","TRAFFIC","Rule 1 (weak preference)","differentLengthRulesR2subsumingR1AttL","1","3.0","4.0","-1.0","0.75","6","6","0","1.0","6","6","0","1.0","119","146","-27","0.815068493150685","60","60","0","1.0","39","36","3","1.0833333333333333","22","22","0","1.0","1.0","1.0","0.0","1.0","1.0","0.0","1.0","13.231475657119582","13.231475657119582","0.0","1.0","2.4983686339061366","2.4983686339061366","0.0","1.0","9.503824577853225","9.871135990983404","-0.3673114131301798","0.9627893472984576","0.6","0.6","0.0","1.0","0.0205479452054795","0.0205479452054795","0.0","1.0","0.0","0.0","0.0","","-0.4","-0.2","-0.2","2.0","-0.06666666666666668","-0.15000000000000002","0.08333333333333334","0.4444444444444445","5.5","5.5","0.0","1.0","1.6666666666666667","1.6666666666666667","0.0","1.0","3.277777777777777","3.277777777777777","0.0","1.0","9.833333333333332","9.833333333333332","0.0","1.0","-0.2","-0.6000000000000001","0.4000000000000001","0.3333333333333333"
"782","3662","arules","differentLengthRulesNeitherDisjunctNorSubsumingAtt","TRAFFIC","No preference","differentLengthRulesNeitherDisjunctNorSubsumingAttL","0","3.0","4.0","-1.0","0.75","6","6","0","1.0","6","6","0","1.0","79","134","-55","0.5895522388059702","37","37","0","1.0","26","33","-7","0.7878787878787878","30","12","18","2.5","1.0","1.0","0.0","1.0","1.0","0.0","1.0","33.26790151007305","147.66141060512453","-114.39350909505148","0.22529854871180882","8.749520536464441","3.4974211724647732","5.252099363999668","2.5017062872923317","16.92041491749472","50.9186886804021","-33.998273762907374","0.3323026447852565","1.0","1.0","0.0","1.0","0.0136986301369863","0.0136986301369863","0.0","1.0","0.2","0.2","0.0","1.0","-0.2","-0.2","0.0","1.0","0.0","-0.05","0.05","-0.0","5.5","5.5","0.0","1.0","1.3333333333333333","1.3333333333333333","0.0","1.0","3.388888888888889","3.4166666666666665","-0.02777777777777768","0.9918699186991871","10.166666666666666","6.833333333333332","3.333333333333334","1.4878048780487807","0.0","-0.2","0.2","-0.0"
"782","3662","arules","differentLengthRulesNeitherDisjunctNorSubsumingAtt","TRAFFIC","Rule 1 (strong preference)","differentLengthRulesNeitherDisjunctNorSubsumingAttL","2","3.0","4.0","-1.0","0.75","6","6","0","1.0","6","6","0","1.0","79","134","-55","0.5895522388059702","37","37","0","1.0","26","33","-7","0.7878787878787878","30","12","18","2.5","1.0","1.0","0.0","1.0","1.0","0.0","1.0","33.26790151007305","147.66141060512453","-114.39350909505148","0.22529854871180882","8.749520536464441","3.4974211724647732","5.252099363999668","2.5017062872923317","16.92041491749472","50.9186886804021","-33.998273762907374","0.3323026447852565","1.0","1.0","0.0","1.0","0.0136986301369863","0.0136986301369863","0.0","1.0","0.2","0.2","0.0","1.0","-0.2","-0.2","0.0","1.0","0.0","-0.05","0.05","-0.0","5.5","5.5","0.0","1.0","1.3333333333333333","1.3333333333333333","0.0","1.0","3.388888888888889","3.4166666666666665","-0.02777777777777768","0.9918699186991871","10.166666666666666","6.833333333333332","3.333333333333334","1.4878048780487807","0.0","-0.2","0.2","-0.0"
"782","3662","arules","differentLengthRulesNeitherDisjunctNorSubsumingAtt","TRAFFIC","No preference","differentLengthRulesNeitherDisjunctNorSubsumingAttL","0","3.0","4.0","-1.0","0.75","6","6","0","1.0","6","6","0","1.0","79","134","-55","0.5895522388059702","37","37","0","1.0","26","33","-7","0.7878787878787878","30","12","18","2.5","1.0","1.0","0.0","1.0","1.0","0.0","1.0","33.26790151007305","147.66141060512453","-114.39350909505148","0.22529854871180882","8.749520536464441","3.4974211724647732","5.252099363999668","2.5017062872923317","16.92041491749472","50.9186886804021","-33.998273762907374","0.3323026447852565","1.0","1.0","0.0","1.0","0.0136986301369863","0.0136986301369863","0.0","1.0","0.2","0.2","0.0","1.0","-0.2","-0.2","0.0","1.0","0.0","-0.05","0.05","-0.0","5.5","5.5","0.0","1.0","1.3333333333333333","1.3333333333333333","0.0","1.0","3.388888888888889","3.4166666666666665","-0.02777777777777768","0.9918699186991871","10.166666666666666","6.833333333333332","3.333333333333334","1.4878048780487807","0.0","-0.2","0.2","-0.0"
"782","3662","arules","differentLengthRulesNeitherDisjunctNorSubsumingAtt","TRAFFIC","Rule 2 (strong preference)","differentLengthRulesNeitherDisjunctNorSubsumingAttL","-2","3.0","4.0","-1.0","0.75","6","6","0","1.0","6","6","0","1.0","79","134","-55","0.5895522388059702","37","37","0","1.0","26","33","-7","0.7878787878787878","30","12","18","2.5","1.0","1.0","0.0","1.0","1.0","0.0","1.0","33.26790151007305","147.66141060512453","-114.39350909505148","0.22529854871180882","8.749520536464441","3.4974211724647732","5.252099363999668","2.5017062872923317","16.92041491749472","50.9186886804021","-33.998273762907374","0.3323026447852565","1.0","1.0","0.0","1.0","0.0136986301369863","0.0136986301369863","0.0","1.0","0.2","0.2","0.0","1.0","-0.2","-0.2","0.0","1.0","0.0","-0.05","0.05","-0.0","5.5","5.5","0.0","1.0","1.3333333333333333","1.3333333333333333","0.0","1.0","3.388888888888889","3.4166666666666665","-0.02777777777777768","0.9918699186991871","10.166666666666666","6.833333333333332","3.333333333333334","1.4878048780487807","0.0","-0.2","0.2","-0.0"
"782","3662","arules","differentLengthRulesNeitherDisjunctNorSubsumingAtt","TRAFFIC","Rule 2 (strong preference)","differentLengthRulesNeitherDisjunctNorSubsumingAttL","-2","3.0","4.0","-1.0","0.75","6","6","0","1.0","6","6","0","1.0","79","134","-55","0.5895522388059702","37","37","0","1.0","26","33","-7","0.7878787878787878","30","12","18","2.5","1.0","1.0","0.0","1.0","1.0","0.0","1.0","33.26790151007305","147.66141060512453","-114.39350909505148","0.22529854871180882","8.749520536464441","3.4974211724647732","5.252099363999668","2.5017062872923317","16.92041491749472","50.9186886804021","-33.998273762907374","0.3323026447852565","1.0","1.0","0.0","1.0","0.0136986301369863","0.0136986301369863","0.0","1.0","0.2","0.2","0.0","1.0","-0.2","-0.2","0.0","1.0","0.0","-0.05","0.05","-0.0","5.5","5.5","0.0","1.0","1.3333333333333333","1.3333333333333333","0.0","1.0","3.388888888888889","3.4166666666666665","-0.02777777777777768","0.9918699186991871","10.166666666666666","6.833333333333332","3.333333333333334","1.4878048780487807","0.0","-0.2","0.2","-0.0"
"12974","46678","InvertedHeuristics","differentLengthRulesNeitherDisjunctNorSubsumingAtt","TRAFFIC","Rule 1 (weak preference)","dfInvertedHeuristicsLargeDiffInRuleLen","1","1.0","3.0","-2.0","0.3333333333333333","6","6","0","1.0","4","6","-2","0.6666666666666666","18","96","-78","0.1875","18","37","-19","0.4864864864864865","18","32","-14","0.5625","22","18","4","1.2222222222222223","0.0","1.0","-1.0","0.0","0.0","0.0","","10.277573840975712","2.857279205511663","7.4202946354640495","3.596979189555706","2.217516700693478","10.277573840975712","-8.060057140282234","0.21576266295966168","10.277573840975712","","","","0.75","1.0","-0.25","0.75","","","","","-0.2","0.0","-0.2","-inf","-0.2","-0.2","0.0","1.0","-0.2","-0.1","-0.1","2.0","5.5","5.5","0.0","1.0","1.3333333333333333","5.5","-4.166666666666667","0.2424242424242424","5.5","3.1666666666666665","2.3333333333333335","1.736842105263158","5.5","9.5","-4.0","0.5789473684210527","-0.2","-0.2","0.0","1.0"
"12974","46678","InvertedHeuristics","differentLengthRulesNeitherDisjunctNorSubsumingAtt","TRAFFIC","No preference","dfInvertedHeuristicsLargeDiffInRuleLen","0","1.0","3.0","-2.0","0.3333333333333333","6","6","0","1.0","4","6","-2","0.6666666666666666","18","96","-78","0.1875","18","37","-19","0.4864864864864865","18","32","-14","0.5625","22","18","4","1.2222222222222223","0.0","1.0","-1.0","0.0","0.0","0.0","","10.277573840975712","2.857279205511663","7.4202946354640495","3.596979189555706","2.217516700693478","10.277573840975712","-8.060057140282234","0.21576266295966168","10.277573840975712","","","","0.75","1.0","-0.25","0.75","","","","","-0.2","0.0","-0.2","-inf","-0.2","-0.2","0.0","1.0","-0.2","-0.1","-0.1","2.0","5.5","5.5","0.0","1.0","1.3333333333333333","5.5","-4.166666666666667","0.2424242424242424","5.5","3.1666666666666665","2.3333333333333335","1.736842105263158","5.5","9.5","-4.0","0.5789473684210527","-0.2","-0.2","0.0","1.0"
"12974","46678","InvertedHeuristics","differentLengthRulesNeitherDisjunctNorSubsumingAtt","TRAFFIC","Rule 1 (strong preference)","dfInvertedHeuristicsLargeDiffInRuleLen","2","1.0","3.0","-2.0","0.3333333333333333","6","6","0","1.0","4","6","-2","0.6666666666666666","18","96","-78","0.1875","18","37","-19","0.4864864864864865","18","32","-14","0.5625","22","18","4","1.2222222222222223","0.0","1.0","-1.0","0.0","0.0","0.0","","10.277573840975712","2.857279205511663","7.4202946354640495","3.596979189555706","2.217516700693478","10.277573840975712","-8.060057140282234","0.21576266295966168","10.277573840975712","","","","0.75","1.0","-0.25","0.75","","","","","-0.2","0.0","-0.2","-inf","-0.2","-0.2","0.0","1.0","-0.2","-0.1","-0.1","2.0","5.5","5.5","0.0","1.0","1.3333333333333333","5.5","-4.166666666666667","0.2424242424242424","5.5","3.1666666666666665","2.3333333333333335","1.736842105263158","5.5","9.5","-4.0","0.5789473684210527","-0.2","-0.2","0.0","1.0"
"12974","46678","InvertedHeuristics","differentLengthRulesNeitherDisjunctNorSubsumingAtt","TRAFFIC","Rule 1 (weak preference)","dfInvertedHeuristicsLargeDiffInRuleLen","1","1.0","3.0","-2.0","0.3333333333333333","6","6","0","1.0","4","6","-2","0.6666666666666666","18","96","-78","0.1875","18","37","-19","0.4864864864864865","18","32","-14","0.5625","22","18","4","1.2222222222222223","0.0","1.0","-1.0","0.0","0.0","0.0","","10.277573840975712","2.857279205511663","7.4202946354640495","3.596979189555706","2.217516700693478","10.277573840975712","-8.060057140282234","0.21576266295966168","10.277573840975712","","","","0.75","1.0","-0.25","0.75","","","","","-0.2","0.0","-0.2","-inf","-0.2","-0.2","0.0","1.0","-0.2","-0.1","-0.1","2.0","5.5","5.5","0.0","1.0","1.3333333333333333","5.5","-4.166666666666667","0.2424242424242424","5.5","3.1666666666666665","2.3333333333333335","1.736842105263158","5.5","9.5","-4.0","0.5789473684210527","-0.2","-0.2","0.0","1.0"
"12974","46678","InvertedHeuristics","differentLengthRulesNeitherDisjunctNorSubsumingAtt","TRAFFIC","Rule 1 (weak preference)","dfInvertedHeuristicsLargeDiffInRuleLen","1","1.0","3.0","-2.0","0.3333333333333333","6","6","0","1.0","4","6","-2","0.6666666666666666","18","96","-78","0.1875","18","37","-19","0.4864864864864865","18","32","-14","0.5625","22","18","4","1.2222222222222223","0.0","1.0","-1.0","0.0","0.0","0.0","","10.277573840975712","2.857279205511663","7.4202946354640495","3.596979189555706","2.217516700693478","10.277573840975712","-8.060057140282234","0.21576266295966168","10.277573840975712","","","","0.75","1.0","-0.25","0.75","","","","","-0.2","0.0","-0.2","-inf","-0.2","-0.2","0.0","1.0","-0.2","-0.1","-0.1","2.0","5.5","5.5","0.0","1.0","1.3333333333333333","5.5","-4.166666666666667","0.2424242424242424","5.5","3.1666666666666665","2.3333333333333335","1.736842105263158","5.5","9.5","-4.0","0.5789473684210527","-0.2","-0.2","0.0","1.0"
"2396","5157","arules","differentLengthRulesNeitherDisjunctNorSubsumingAtt","TRAFFIC","Rule 1 (strong preference)","differentLengthRulesDisjunctAttL","2","3.0","4.0","-1.0","0.75","6","6","0","1.0","6","4","2","1.5","96","126","-30","0.7619047619047619","38","41","-3","0.926829268292683","32","31","1","1.032258064516129","15","28","-13","0.5357142857142857","1.0","1.0","0.0","1.0","6.0","0.0","1.0","58.6509084091644","46.3738760223948","12.277032386769598","1.2647402684399465","17.129053730423678","0.8240554188985888","16.30499831152509","20.78628856457","30.91428844604535","34.5653825610125","-3.6510941149671474","0.8943713668285753","1.0","1.0","0.0","1.0","0.0136986301369863","0.0136986301369863","0.0","1.0","0.2","0.2","0.0","1.0","-0.4","-0.4","0.0","1.0","-0.06666666666666668","-0.05","-0.016666666666666677","1.3333333333333335","5.5","5.5","0.0","1.0","2.5","1.6666666666666667","0.8333333333333333","1.5","3.583333333333333","4.0","-0.41666666666666696","0.8958333333333333","7.166666666666668","8.0","-0.8333333333333321","0.8958333333333335","-0.2","-0.2","0.0","1.0"
"2396","5157","arules","differentLengthRulesNeitherDisjunctNorSubsumingAtt","TRAFFIC","Rule 1 (weak preference)","differentLengthRulesDisjunctAttL","1","3.0","4.0","-1.0","0.75","6","6","0","1.0","6","4","2","1.5","96","126","-30","0.7619047619047619","38","41","-3","0.926829268292683","32","31","1","1.032258064516129","15","28","-13","0.5357142857142857","1.0","1.0","0.0","1.0","6.0","0.0","1.0","58.6509084091644","46.3738760223948","12.277032386769598","1.2647402684399465","17.129053730423678","0.8240554188985888","16.30499831152509","20.78628856457","30.91428844604535","34.5653825610125","-3.6510941149671474","0.8943713668285753","1.0","1.0","0.0","1.0","0.0136986301369863","0.0136986301369863","0.0","1.0","0.2","0.2","0.0","1.0","-0.4","-0.4","0.0","1.0","-0.06666666666666668","-0.05","-0.016666666666666677","1.3333333333333335","5.5","5.5","0.0","1.0","2.5","1.6666666666666667","0.8333333333333333","1.5","3.583333333333333","4.0","-0.41666666666666696","0.8958333333333333","7.166666666666668","8.0","-0.8333333333333321","0.8958333333333335","-0.2","-0.2","0.0","1.0"
"2396","5157","arules","differentLengthRulesNeitherDisjunctNorSubsumingAtt","TRAFFIC","No preference","differentLengthRulesDisjunctAttL","0","3.0","4.0","-1.0","0.75","6","6","0","1.0","6","4","2","1.5","96","126","-30","0.7619047619047619","38","41","-3","0.926829268292683","32","31","1","1.032258064516129","15","28","-13","0.5357142857142857","1.0","1.0","0.0","1.0","6.0","0.0","1.0","58.6509084091644","46.3738760223948","12.277032386769598","1.2647402684399465","17.129053730423678","0.8240554188985888","16.30499831152509","20.78628856457","30.91428844604535","34.5653825610125","-3.6510941149671474","0.8943713668285753","1.0","1.0","0.0","1.0","0.0136986301369863","0.0136986301369863","0.0","1.0","0.2","0.2","0.0","1.0","-0.4","-0.4","0.0","1.0","-0.06666666666666668","-0.05","-0.016666666666666677","1.3333333333333335","5.5","5.5","0.0","1.0","2.5","1.6666666666666667","0.8333333333333333","1.5","3.583333333333333","4.0","-0.41666666666666696","0.8958333333333333","7.166666666666668","8.0","-0.8333333333333321","0.8958333333333335","-0.2","-0.2","0.0","1.0"
"2396","5157","arules","differentLengthRulesNeitherDisjunctNorSubsumingAtt","TRAFFIC","No preference","differentLengthRulesDisjunctAttL","0","3.0","4.0","-1.0","0.75","6","6","0","1.0","6","4","2","1.5","96","126","-30","0.7619047619047619","38","41","-3","0.926829268292683","32","31","1","1.032258064516129","15","28","-13","0.5357142857142857","1.0","1.0","0.0","1.0","6.0","0.0","1.0","58.6509084091644","46.3738760223948","12.277032386769598","1.2647402684399465","17.129053730423678","0.8240554188985888","16.30499831152509","20.78628856457","30.91428844604535","34.5653825610125","-3.6510941149671474","0.8943713668285753","1.0","1.0","0.0","1.0","0.0136986301369863","0.0136986301369863","0.0","1.0","0.2","0.2","0.0","1.0","-0.4","-0.4","0.0","1.0","-0.06666666666666668","-0.05","-0.016666666666666677","1.3333333333333335","5.5","5.5","0.0","1.0","2.5","1.6666666666666667","0.8333333333333333","1.5","3.583333333333333","4.0","-0.41666666666666696","0.8958333333333333","7.166666666666668","8.0","-0.8333333333333321","0.8958333333333335","-0.2","-0.2","0.0","1.0"
"2396","5157","arules","differentLengthRulesNeitherDisjunctNorSubsumingAtt","TRAFFIC","No preference","differentLengthRulesDisjunctAttL","0","3.0","4.0","-1.0","0.75","6","6","0","1.0","6","4","2","1.5","96","126","-30","0.7619047619047619","38","41","-3","0.926829268292683","32","31","1","1.032258064516129","15","28","-13","0.5357142857142857","1.0","1.0","0.0","1.0","6.0","0.0","1.0","58.6509084091644","46.3738760223948","12.277032386769598","1.2647402684399465","17.129053730423678","0.8240554188985888","16.30499831152509","20.78628856457","30.91428844604535","34.5653825610125","-3.6510941149671474","0.8943713668285753","1.0","1.0","0.0","1.0","0.0136986301369863","0.0136986301369863","0.0","1.0","0.2","0.2","0.0","1.0","-0.4","-0.4","0.0","1.0","-0.06666666666666668","-0.05","-0.016666666666666677","1.3333333333333335","5.5","5.5","0.0","1.0","2.5","1.6666666666666667","0.8333333333333333","1.5","3.583333333333333","4.0","-0.41666666666666696","0.8958333333333333","7.166666666666668","8.0","-0.8333333333333321","0.8958333333333335","-0.2","-0.2","0.0","1.0"
"1018","3336","arules","differentLengthRulesNeitherDisjunctNorSubsumingAtt","TRAFFIC","No preference","differentLengthRulesNeitherDisjunctNorSubsumingAttH","0","3.0","4.0","-1.0","0.75","6","6","0","1.0","4","6","-2","0.6666666666666666","94","113","-19","0.831858407079646","37","37","0","1.0","31","28","3","1.1071428571428572","19","28","-9","0.6785714285714286","1.0","1.0","0.0","1.0","1.0","0.0","1.0","24.10633757925615","147.66141060512453","-123.55507302586838","0.16325414663497428","0.8017521073589119","2.581981632649552","-1.7802295252906402","0.31051812964919423","12.50185635574251","43.82561882489254","-31.323762469150026","0.28526365835686895","1.0","1.0","0.0","1.0","0.0136986301369863","0.0136986301369863","0.0","1.0","0.4","0.0","0.4","","-0.2","-0.2","0.0","1.0","0.06666666666666668","-0.05","0.11666666666666668","-1.3333333333333335","5.5","5.5","0.0","1.0","1.3333333333333333","1.3333333333333333","0.0","1.0","2.833333333333333","3.111111111111111","-0.2777777777777781","0.9107142857142856","8.5","9.333333333333334","-0.8333333333333339","0.9107142857142857","0.2","-0.2","0.4","-1.0"
"1018","3336","arules","differentLengthRulesNeitherDisjunctNorSubsumingAtt","TRAFFIC","Rule 1 (weak preference)","differentLengthRulesNeitherDisjunctNorSubsumingAttH","1","3.0","4.0","-1.0","0.75","6","6","0","1.0","4","6","-2","0.6666666666666666","94","113","-19","0.831858407079646","37","37","0","1.0","31","28","3","1.1071428571428572","19","28","-9","0.6785714285714286","1.0","1.0","0.0","1.0","1.0","0.0","1.0","24.10633757925615","147.66141060512453","-123.55507302586838","0.16325414663497428","0.8017521073589119","2.581981632649552","-1.7802295252906402","0.31051812964919423","12.50185635574251","43.82561882489254","-31.323762469150026","0.28526365835686895","1.0","1.0","0.0","1.0","0.0136986301369863","0.0136986301369863","0.0","1.0","0.4","0.0","0.4","","-0.2","-0.2","0.0","1.0","0.06666666666666668","-0.05","0.11666666666666668","-1.3333333333333335","5.5","5.5","0.0","1.0","1.3333333333333333","1.3333333333333333","0.0","1.0","2.833333333333333","3.111111111111111","-0.2777777777777781","0.9107142857142856","8.5","9.333333333333334","-0.8333333333333339","0.9107142857142857","0.2","-0.2","0.4","-1.0"
"1018","3336","arules","differentLengthRulesNeitherDisjunctNorSubsumingAtt","TRAFFIC","Rule 2 (strong preference)","differentLengthRulesNeitherDisjunctNorSubsumingAttH","-2","3.0","4.0","-1.0","0.75","6","6","0","1.0","4","6","-2","0.6666666666666666","94","113","-19","0.831858407079646","37","37","0","1.0","31","28","3","1.1071428571428572","19","28","-9","0.6785714285714286","1.0","1.0","0.0","1.0","1.0","0.0","1.0","24.10633757925615","147.66141060512453","-123.55507302586838","0.16325414663497428","0.8017521073589119","2.581981632649552","-1.7802295252906402","0.31051812964919423","12.50185635574251","43.82561882489254","-31.323762469150026","0.28526365835686895","1.0","1.0","0.0","1.0","0.0136986301369863","0.0136986301369863","0.0","1.0","0.4","0.0","0.4","","-0.2","-0.2","0.0","1.0","0.06666666666666668","-0.05","0.11666666666666668","-1.3333333333333335","5.5","5.5","0.0","1.0","1.3333333333333333","1.3333333333333333","0.0","1.0","2.833333333333333","3.111111111111111","-0.2777777777777781","0.9107142857142856","8.5","9.333333333333334","-0.8333333333333339","0.9107142857142857","0.2","-0.2","0.4","-1.0"
"1018","3336","arules","differentLengthRulesNeitherDisjunctNorSubsumingAtt","TRAFFIC","Rule 2 (weak preference)","differentLengthRulesNeitherDisjunctNorSubsumingAttH","-1","3.0","4.0","-1.0","0.75","6","6","0","1.0","4","6","-2","0.6666666666666666","94","113","-19","0.831858407079646","37","37","0","1.0","31","28","3","1.1071428571428572","19","28","-9","0.6785714285714286","1.0","1.0","0.0","1.0","1.0","0.0","1.0","24.10633757925615","147.66141060512453","-123.55507302586838","0.16325414663497428","0.8017521073589119","2.581981632649552","-1.7802295252906402","0.31051812964919423","12.50185635574251","43.82561882489254","-31.323762469150026","0.28526365835686895","1.0","1.0","0.0","1.0","0.0136986301369863","0.0136986301369863","0.0","1.0","0.4","0.0","0.4","","-0.2","-0.2","0.0","1.0","0.06666666666666668","-0.05","0.11666666666666668","-1.3333333333333335","5.5","5.5","0.0","1.0","1.3333333333333333","1.3333333333333333","0.0","1.0","2.833333333333333","3.111111111111111","-0.2777777777777781","0.9107142857142856","8.5","9.333333333333334","-0.8333333333333339","0.9107142857142857","0.2","-0.2","0.4","-1.0"
"1018","3336","arules","differentLengthRulesNeitherDisjunctNorSubsumingAtt","TRAFFIC","Rule 1 (weak preference)","differentLengthRulesNeitherDisjunctNorSubsumingAttH","1","3.0","4.0","-1.0","0.75","6","6","0","1.0","4","6","-2","0.6666666666666666","94","113","-19","0.831858407079646","37","37","0","1.0","31","28","3","1.1071428571428572","19","28","-9","0.6785714285714286","1.0","1.0","0.0","1.0","1.0","0.0","1.0","24.10633757925615","147.66141060512453","-123.55507302586838","0.16325414663497428","0.8017521073589119","2.581981632649552","-1.7802295252906402","0.31051812964919423","12.50185635574251","43.82561882489254","-31.323762469150026","0.28526365835686895","1.0","1.0","0.0","1.0","0.0136986301369863","0.0136986301369863","0.0","1.0","0.4","0.0","0.4","","-0.2","-0.2","0.0","1.0","0.06666666666666668","-0.05","0.11666666666666668","-1.3333333333333335","5.5","5.5","0.0","1.0","1.3333333333333333","1.3333333333333333","0.0","1.0","2.833333333333333","3.111111111111111","-0.2777777777777781","0.9107142857142856","8.5","9.333333333333334","-0.8333333333333339","0.9107142857142857","0.2","-0.2","0.4","-1.0"
"1255","3765","arules","differentLengthRulesNeitherDisjunctNorSubsumingAtt","TRAFFIC","No preference","differentLengthRulesNeitherDisjunctNorSubsumingAttH","0","3.0","4.0","-1.0","0.75","6","6","0","1.0","4","4","0","1.0","103","130","-27","0.7923076923076923","37","38","-1","0.9736842105263158","34","32","2","1.0625","27","29","-2","0.9310344827586207","1.0","1.0","0.0","1.0","6.0","0.0","1.0","24.10633757925615","58.6509084091644","-34.54457082990825","0.41101388253160376","0.8017521073589119","2.217516700693478","-1.4157645933345662","0.36155403344118314","10.204401280924666","18.639814983667375","-8.435413702742709","0.5474518545310665","1.0","1.0","0.0","1.0","0.0136986301369863","0.0136986301369863","0.0","1.0","0.4","0.0","0.4","","-0.2","-0.2","0.0","1.0","0.06666666666666668","-0.1","0.16666666666666669","-0.6666666666666667","5.5","5.5","0.0","1.0","1.3333333333333333","1.3333333333333333","0.0","1.0","3.4166666666666665","2.833333333333333","0.5833333333333335","1.2058823529411766","6.833333333333332","8.5","-1.6666666666666679","0.8039215686274508","0.2","-0.4","0.6000000000000001","-0.5"
"1255","3765","arules","differentLengthRulesNeitherDisjunctNorSubsumingAtt","TRAFFIC","Rule 2 (weak preference)","differentLengthRulesNeitherDisjunctNorSubsumingAttH","-1","3.0","4.0","-1.0","0.75","6","6","0","1.0","4","4","0","1.0","103","130","-27","0.7923076923076923","37","38","-1","0.9736842105263158","34","32","2","1.0625","27","29","-2","0.9310344827586207","1.0","1.0","0.0","1.0","6.0","0.0","1.0","24.10633757925615","58.6509084091644","-34.54457082990825","0.41101388253160376","0.8017521073589119","2.217516700693478","-1.4157645933345662","0.36155403344118314","10.204401280924666","18.639814983667375","-8.435413702742709","0.5474518545310665","1.0","1.0","0.0","1.0","0.0136986301369863","0.0136986301369863","0.0","1.0","0.4","0.0","0.4","","-0.2","-0.2","0.0","1.0","0.06666666666666668","-0.1","0.16666666666666669","-0.6666666666666667","5.5","5.5","0.0","1.0","1.3333333333333333","1.3333333333333333","0.0","1.0","3.4166666666666665","2.833333333333333","0.5833333333333335","1.2058823529411766","6.833333333333332","8.5","-1.6666666666666679","0.8039215686274508","0.2","-0.4","0.6000000000000001","-0.5"
"1255","3765","arules","differentLengthRulesNeitherDisjunctNorSubsumingAtt","TRAFFIC","Rule 2 (strong preference)","differentLengthRulesNeitherDisjunctNorSubsumingAttH","-2","3.0","4.0","-1.0","0.75","6","6","0","1.0","4","4","0","1.0","103","130","-27","0.7923076923076923","37","38","-1","0.9736842105263158","34","32","2","1.0625","27","29","-2","0.9310344827586207","1.0","1.0","0.0","1.0","6.0","0.0","1.0","24.10633757925615","58.6509084091644","-34.54457082990825","0.41101388253160376","0.8017521073589119","2.217516700693478","-1.4157645933345662","0.36155403344118314","10.204401280924666","18.639814983667375","-8.435413702742709","0.5474518545310665","1.0","1.0","0.0","1.0","0.0136986301369863","0.0136986301369863","0.0","1.0","0.4","0.0","0.4","","-0.2","-0.2","0.0","1.0","0.06666666666666668","-0.1","0.16666666666666669","-0.6666666666666667","5.5","5.5","0.0","1.0","1.3333333333333333","1.3333333333333333","0.0","1.0","3.4166666666666665","2.833333333333333","0.5833333333333335","1.2058823529411766","6.833333333333332","8.5","-1.6666666666666679","0.8039215686274508","0.2","-0.4","0.6000000000000001","-0.5"
"1255","3765","arules","differentLengthRulesNeitherDisjunctNorSubsumingAtt","TRAFFIC","Rule 1 (weak preference)","differentLengthRulesNeitherDisjunctNorSubsumingAttH","1","3.0","4.0","-1.0","0.75","6","6","0","1.0","4","4","0","1.0","103","130","-27","0.7923076923076923","37","38","-1","0.9736842105263158","34","32","2","1.0625","27","29","-2","0.9310344827586207","1.0","1.0","0.0","1.0","6.0","0.0","1.0","24.10633757925615","58.6509084091644","-34.54457082990825","0.41101388253160376","0.8017521073589119","2.217516700693478","-1.4157645933345662","0.36155403344118314","10.204401280924666","18.639814983667375","-8.435413702742709","0.5474518545310665","1.0","1.0","0.0","1.0","0.0136986301369863","0.0136986301369863","0.0","1.0","0.4","0.0","0.4","","-0.2","-0.2","0.0","1.0","0.06666666666666668","-0.1","0.16666666666666669","-0.6666666666666667","5.5","5.5","0.0","1.0","1.3333333333333333","1.3333333333333333","0.0","1.0","3.4166666666666665","2.833333333333333","0.5833333333333335","1.2058823529411766","6.833333333333332","8.5","-1.6666666666666679","0.8039215686274508","0.2","-0.4","0.6000000000000001","-0.5"
"1255","3765","arules","differentLengthRulesNeitherDisjunctNorSubsumingAtt","TRAFFIC","Rule 1 (weak preference)","differentLengthRulesNeitherDisjunctNorSubsumingAttH","1","3.0","4.0","-1.0","0.75","6","6","0","1.0","4","4","0","1.0","103","130","-27","0.7923076923076923","37","38","-1","0.9736842105263158","34","32","2","1.0625","27","29","-2","0.9310344827586207","1.0","1.0","0.0","1.0","6.0","0.0","1.0","24.10633757925615","58.6509084091644","-34.54457082990825","0.41101388253160376","0.8017521073589119","2.217516700693478","-1.4157645933345662","0.36155403344118314","10.204401280924666","18.639814983667375","-8.435413702742709","0.5474518545310665","1.0","1.0","0.0","1.0","0.0136986301369863","0.0136986301369863","0.0","1.0","0.4","0.0","0.4","","-0.2","-0.2","0.0","1.0","0.06666666666666668","-0.1","0.16666666666666669","-0.6666666666666667","5.5","5.5","0.0","1.0","1.3333333333333333","1.3333333333333333","0.0","1.0","3.4166666666666665","2.833333333333333","0.5833333333333335","1.2058823529411766","6.833333333333332","8.5","-1.6666666666666679","0.8039215686274508","0.2","-0.4","0.6000000000000001","-0.5"
"24063","31679","InvertedHeuristics","differentLengthRulesNeitherDisjunctNorSubsumingAtt","TRAFFIC","Rule 1 (weak preference)","dfInvertedHeuristicsLargeDiffInRuleLen","1","1.0","3.0","-2.0","0.3333333333333333","6","6","0","1.0","4","6","-2","0.6666666666666666","22","93","-71","0.23655913978494625","22","37","-15","0.5945945945945946","22","31","-9","0.7096774193548387","22","22","0","1.0","0.0","1.0","-1.0","0.0","0.0","0.0","","4.151937974400015","2.217516700693478","1.934421273706537","1.8723367328424587","2.217516700693478","4.151937974400015","-1.934421273706537","0.5340919624440983","4.151937974400015","","","","1.0","1.0","0.0","1.0","","","","","0.0","-0.2","0.2","-0.0","-0.2","0.0","-0.2","-inf","0.0","-0.2","0.2","-0.0","5.5","5.5","0.0","1.0","2.5","5.5","-3.0","0.45454545454545453","5.5","3.555555555555556","1.9444444444444442","1.546875","5.5","10.666666666666666","-5.166666666666666","0.515625","0.0","-0.2","0.2","-0.0"
"24063","31679","InvertedHeuristics","differentLengthRulesNeitherDisjunctNorSubsumingAtt","TRAFFIC","No preference","dfInvertedHeuristicsLargeDiffInRuleLen","0","1.0","3.0","-2.0","0.3333333333333333","6","6","0","1.0","4","6","-2","0.6666666666666666","22","93","-71","0.23655913978494625","22","37","-15","0.5945945945945946","22","31","-9","0.7096774193548387","22","22","0","1.0","0.0","1.0","-1.0","0.0","0.0","0.0","","4.151937974400015","2.217516700693478","1.934421273706537","1.8723367328424587","2.217516700693478","4.151937974400015","-1.934421273706537","0.5340919624440983","4.151937974400015","","","","1.0","1.0","0.0","1.0","","","","","0.0","-0.2","0.2","-0.0","-0.2","0.0","-0.2","-inf","0.0","-0.2","0.2","-0.0","5.5","5.5","0.0","1.0","2.5","5.5","-3.0","0.45454545454545453","5.5","3.555555555555556","1.9444444444444442","1.546875","5.5","10.666666666666666","-5.166666666666666","0.515625","0.0","-0.2","0.2","-0.0"
"24063","31679","InvertedHeuristics","differentLengthRulesNeitherDisjunctNorSubsumingAtt","TRAFFIC","Rule 1 (strong preference)","dfInvertedHeuristicsLargeDiffInRuleLen","2","1.0","3.0","-2.0","0.3333333333333333","6","6","0","1.0","4","6","-2","0.6666666666666666","22","93","-71","0.23655913978494625","22","37","-15","0.5945945945945946","22","31","-9","0.7096774193548387","22","22","0","1.0","0.0","1.0","-1.0","0.0","0.0","0.0","","4.151937974400015","2.217516700693478","1.934421273706537","1.8723367328424587","2.217516700693478","4.151937974400015","-1.934421273706537","0.5340919624440983","4.151937974400015","","","","1.0","1.0","0.0","1.0","","","","","0.0","-0.2","0.2","-0.0","-0.2","0.0","-0.2","-inf","0.0","-0.2","0.2","-0.0","5.5","5.5","0.0","1.0","2.5","5.5","-3.0","0.45454545454545453","5.5","3.555555555555556","1.9444444444444442","1.546875","5.5","10.666666666666666","-5.166666666666666","0.515625","0.0","-0.2","0.2","-0.0"
"24063","31679","InvertedHeuristics","differentLengthRulesNeitherDisjunctNorSubsumingAtt","TRAFFIC","Rule 1 (weak preference)","dfInvertedHeuristicsLargeDiffInRuleLen","1","1.0","3.0","-2.0","0.3333333333333333","6","6","0","1.0","4","6","-2","0.6666666666666666","22","93","-71","0.23655913978494625","22","37","-15","0.5945945945945946","22","31","-9","0.7096774193548387","22","22","0","1.0","0.0","1.0","-1.0","0.0","0.0","0.0","","4.151937974400015","2.217516700693478","1.934421273706537","1.8723367328424587","2.217516700693478","4.151937974400015","-1.934421273706537","0.5340919624440983","4.151937974400015","","","","1.0","1.0","0.0","1.0","","","","","0.0","-0.2","0.2","-0.0","-0.2","0.0","-0.2","-inf","0.0","-0.2","0.2","-0.0","5.5","5.5","0.0","1.0","2.5","5.5","-3.0","0.45454545454545453","5.5","3.555555555555556","1.9444444444444442","1.546875","5.5","10.666666666666666","-5.166666666666666","0.515625","0.0","-0.2","0.2","-0.0"
"24063","31679","InvertedHeuristics","differentLengthRulesNeitherDisjunctNorSubsumingAtt","TRAFFIC","Rule 2 (weak preference)","dfInvertedHeuristicsLargeDiffInRuleLen","-1","1.0","3.0","-2.0","0.3333333333333333","6","6","0","1.0","4","6","-2","0.6666666666666666","22","93","-71","0.23655913978494625","22","37","-15","0.5945945945945946","22","31","-9","0.7096774193548387","22","22","0","1.0","0.0","1.0","-1.0","0.0","0.0","0.0","","4.151937974400015","2.217516700693478","1.934421273706537","1.8723367328424587","2.217516700693478","4.151937974400015","-1.934421273706537","0.5340919624440983","4.151937974400015","","","","1.0","1.0","0.0","1.0","","","","","0.0","-0.2","0.2","-0.0","-0.2","0.0","-0.2","-inf","0.0","-0.2","0.2","-0.0","5.5","5.5","0.0","1.0","2.5","5.5","-3.0","0.45454545454545453","5.5","3.555555555555556","1.9444444444444442","1.546875","5.5","10.666666666666666","-5.166666666666666","0.515625","0.0","-0.2","0.2","-0.0"
"1250","4598","arules","differentLengthRulesNeitherDisjunctNorSubsumingAtt","TRAFFIC","Rule 1 (weak preference)","differentLengthRulesDisjunctAttH","1","3.0","4.0","-1.0","0.75","6","6","0","1.0","6","4","2","1.5","101","129","-28","0.7829457364341085","37","38","-1","0.9736842105263158","33","32","1","1.03125","23","27","-4","0.8518518518518519","1.0","1.0","0.0","1.0","6.0","0.0","1.0","4.289349562824373","147.66141060512453","-143.37206104230015","0.029048547926275283","4.042959117484799","0.8017521073589119","3.2412070101258874","5.0426548061131955","2.436206123625588","57.786783287302406","-55.35057716367682","0.04215853496314788","1.0","1.0","0.0","1.0","0.0136986301369863","0.0136986301369863","0.0","1.0","0.0","0.6","-0.6","0.0","-0.4","-0.2","-0.2","2.0","-0.13333333333333333","0.04999999999999999","-0.18333333333333332","-2.6666666666666674","5.5","7.666666666666668","-2.166666666666668","0.7173913043478259","1.6666666666666667","1.3333333333333333","0.3333333333333335","1.2500000000000002","3.4166666666666665","4.9444444444444455","-1.527777777777779","0.691011235955056","6.833333333333332","14.833333333333336","-8.000000000000004","0.46067415730337063","-0.4","0.2","-0.6000000000000001","-2.0"
"1250","4598","arules","differentLengthRulesNeitherDisjunctNorSubsumingAtt","TRAFFIC","Rule 1 (strong preference)","differentLengthRulesDisjunctAttH","2","3.0","4.0","-1.0","0.75","6","6","0","1.0","6","4","2","1.5","101","129","-28","0.7829457364341085","37","38","-1","0.9736842105263158","33","32","1","1.03125","23","27","-4","0.8518518518518519","1.0","1.0","0.0","1.0","6.0","0.0","1.0","4.289349562824373","147.66141060512453","-143.37206104230015","0.029048547926275283","4.042959117484799","0.8017521073589119","3.2412070101258874","5.0426548061131955","2.436206123625588","57.786783287302406","-55.35057716367682","0.04215853496314788","1.0","1.0","0.0","1.0","0.0136986301369863","0.0136986301369863","0.0","1.0","0.0","0.6","-0.6","0.0","-0.4","-0.2","-0.2","2.0","-0.13333333333333333","0.04999999999999999","-0.18333333333333332","-2.6666666666666674","5.5","7.666666666666668","-2.166666666666668","0.7173913043478259","1.6666666666666667","1.3333333333333333","0.3333333333333335","1.2500000000000002","3.4166666666666665","4.9444444444444455","-1.527777777777779","0.691011235955056","6.833333333333332","14.833333333333336","-8.000000000000004","0.46067415730337063","-0.4","0.2","-0.6000000000000001","-2.0"
"1250","4598","arules","differentLengthRulesNeitherDisjunctNorSubsumingAtt","TRAFFIC","Rule 2 (weak preference)","differentLengthRulesDisjunctAttH","-1","3.0","4.0","-1.0","0.75","6","6","0","1.0","6","4","2","1.5","101","129","-28","0.7829457364341085","37","38","-1","0.9736842105263158","33","32","1","1.03125","23","27","-4","0.8518518518518519","1.0","1.0","0.0","1.0","6.0","0.0","1.0","4.289349562824373","147.66141060512453","-143.37206104230015","0.029048547926275283","4.042959117484799","0.8017521073589119","3.2412070101258874","5.0426548061131955","2.436206123625588","57.786783287302406","-55.35057716367682","0.04215853496314788","1.0","1.0","0.0","1.0","0.0136986301369863","0.0136986301369863","0.0","1.0","0.0","0.6","-0.6","0.0","-0.4","-0.2","-0.2","2.0","-0.13333333333333333","0.04999999999999999","-0.18333333333333332","-2.6666666666666674","5.5","7.666666666666668","-2.166666666666668","0.7173913043478259","1.6666666666666667","1.3333333333333333","0.3333333333333335","1.2500000000000002","3.4166666666666665","4.9444444444444455","-1.527777777777779","0.691011235955056","6.833333333333332","14.833333333333336","-8.000000000000004","0.46067415730337063","-0.4","0.2","-0.6000000000000001","-2.0"
"1250","4598","arules","differentLengthRulesNeitherDisjunctNorSubsumingAtt","TRAFFIC","Rule 2 (weak preference)","differentLengthRulesDisjunctAttH","-1","3.0","4.0","-1.0","0.75","6","6","0","1.0","6","4","2","1.5","101","129","-28","0.7829457364341085","37","38","-1","0.9736842105263158","33","32","1","1.03125","23","27","-4","0.8518518518518519","1.0","1.0","0.0","1.0","6.0","0.0","1.0","4.289349562824373","147.66141060512453","-143.37206104230015","0.029048547926275283","4.042959117484799","0.8017521073589119","3.2412070101258874","5.0426548061131955","2.436206123625588","57.786783287302406","-55.35057716367682","0.04215853496314788","1.0","1.0","0.0","1.0","0.0136986301369863","0.0136986301369863","0.0","1.0","0.0","0.6","-0.6","0.0","-0.4","-0.2","-0.2","2.0","-0.13333333333333333","0.04999999999999999","-0.18333333333333332","-2.6666666666666674","5.5","7.666666666666668","-2.166666666666668","0.7173913043478259","1.6666666666666667","1.3333333333333333","0.3333333333333335","1.2500000000000002","3.4166666666666665","4.9444444444444455","-1.527777777777779","0.691011235955056","6.833333333333332","14.833333333333336","-8.000000000000004","0.46067415730337063","-0.4","0.2","-0.6000000000000001","-2.0"
"1250","4598","arules","differentLengthRulesNeitherDisjunctNorSubsumingAtt","TRAFFIC","No preference","differentLengthRulesDisjunctAttH","0","3.0","4.0","-1.0","0.75","6","6","0","1.0","6","4","2","1.5","101","129","-28","0.7829457364341085","37","38","-1","0.9736842105263158","33","32","1","1.03125","23","27","-4","0.8518518518518519","1.0","1.0","0.0","1.0","6.0","0.0","1.0","4.289349562824373","147.66141060512453","-143.37206104230015","0.029048547926275283","4.042959117484799","0.8017521073589119","3.2412070101258874","5.0426548061131955","2.436206123625588","57.786783287302406","-55.35057716367682","0.04215853496314788","1.0","1.0","0.0","1.0","0.0136986301369863","0.0136986301369863","0.0","1.0","0.0","0.6","-0.6","0.0","-0.4","-0.2","-0.2","2.0","-0.13333333333333333","0.04999999999999999","-0.18333333333333332","-2.6666666666666674","5.5","7.666666666666668","-2.166666666666668","0.7173913043478259","1.6666666666666667","1.3333333333333333","0.3333333333333335","1.2500000000000002","3.4166666666666665","4.9444444444444455","-1.527777777777779","0.691011235955056","6.833333333333332","14.833333333333336","-8.000000000000004","0.46067415730337063","-0.4","0.2","-0.6000000000000001","-2.0"
"8373","8510","arules","differentLengthRulesNeitherDisjunctNorSubsumingAtt","TRAFFIC","Rule 1 (strong preference)","differentLengthRulesR2subsumingR1AttH","2","3.0","4.0","-1.0","0.75","6","6","0","1.0","6","6","0","1.0","76","125","-49","0.608","37","49","-12","0.7551020408163265","25","31","-6","0.8064516129032258","18","18","0","1.0","1.0","1.0","0.0","1.0","1.0","0.0","1.0","14.390124359771313","31.55659189909189","-17.16646753932058","0.4560100915138881","10.277573840975712","10.277573840975712","0.0","1.0","12.483109214426994","17.25147988559322","-4.768370671166226","0.7235964275071665","0.6","0.6","0.0","1.0","0.0205479452054795","0.0205479452054795","0.0","1.0","0.4","0.4","0.0","1.0","-0.4","-0.2","-0.2","2.0","0.06666666666666668","-0.05000000000000002","0.1166666666666667","-1.3333333333333333","5.5","5.5","0.0","1.0","1.6666666666666667","1.6666666666666667","0.0","1.0","3.277777777777777","3.277777777777777","0.0","1.0","9.833333333333332","9.833333333333332","0.0","1.0","0.2","-0.20000000000000007","0.4000000000000001","-0.9999999999999998"
"8373","8510","arules","differentLengthRulesNeitherDisjunctNorSubsumingAtt","TRAFFIC","Rule 1 (weak preference)","differentLengthRulesR2subsumingR1AttH","1","3.0","4.0","-1.0","0.75","6","6","0","1.0","6","6","0","1.0","76","125","-49","0.608","37","49","-12","0.7551020408163265","25","31","-6","0.8064516129032258","18","18","0","1.0","1.0","1.0","0.0","1.0","1.0","0.0","1.0","14.390124359771313","31.55659189909189","-17.16646753932058","0.4560100915138881","10.277573840975712","10.277573840975712","0.0","1.0","12.483109214426994","17.25147988559322","-4.768370671166226","0.7235964275071665","0.6","0.6","0.0","1.0","0.0205479452054795","0.0205479452054795","0.0","1.0","0.4","0.4","0.0","1.0","-0.4","-0.2","-0.2","2.0","0.06666666666666668","-0.05000000000000002","0.1166666666666667","-1.3333333333333333","5.5","5.5","0.0","1.0","1.6666666666666667","1.6666666666666667","0.0","1.0","3.277777777777777","3.277777777777777","0.0","1.0","9.833333333333332","9.833333333333332","0.0","1.0","0.2","-0.20000000000000007","0.4000000000000001","-0.9999999999999998"
"8373","8510","arules","differentLengthRulesNeitherDisjunctNorSubsumingAtt","TRAFFIC","Rule 2 (weak preference)","differentLengthRulesR2subsumingR1AttH","-1","3.0","4.0","-1.0","0.75","6","6","0","1.0","6","6","0","1.0","76","125","-49","0.608","37","49","-12","0.7551020408163265","25","31","-6","0.8064516129032258","18","18","0","1.0","1.0","1.0","0.0","1.0","1.0","0.0","1.0","14.390124359771313","31.55659189909189","-17.16646753932058","0.4560100915138881","10.277573840975712","10.277573840975712","0.0","1.0","12.483109214426994","17.25147988559322","-4.768370671166226","0.7235964275071665","0.6","0.6","0.0","1.0","0.0205479452054795","0.0205479452054795","0.0","1.0","0.4","0.4","0.0","1.0","-0.4","-0.2","-0.2","2.0","0.06666666666666668","-0.05000000000000002","0.1166666666666667","-1.3333333333333333","5.5","5.5","0.0","1.0","1.6666666666666667","1.6666666666666667","0.0","1.0","3.277777777777777","3.277777777777777","0.0","1.0","9.833333333333332","9.833333333333332","0.0","1.0","0.2","-0.20000000000000007","0.4000000000000001","-0.9999999999999998"
"8373","8510","arules","differentLengthRulesNeitherDisjunctNorSubsumingAtt","TRAFFIC","Rule 1 (weak preference)","differentLengthRulesR2subsumingR1AttH","1","3.0","4.0","-1.0","0.75","6","6","0","1.0","6","6","0","1.0","76","125","-49","0.608","37","49","-12","0.7551020408163265","25","31","-6","0.8064516129032258","18","18","0","1.0","1.0","1.0","0.0","1.0","1.0","0.0","1.0","14.390124359771313","31.55659189909189","-17.16646753932058","0.4560100915138881","10.277573840975712","10.277573840975712","0.0","1.0","12.483109214426994","17.25147988559322","-4.768370671166226","0.7235964275071665","0.6","0.6","0.0","1.0","0.0205479452054795","0.0205479452054795","0.0","1.0","0.4","0.4","0.0","1.0","-0.4","-0.2","-0.2","2.0","0.06666666666666668","-0.05000000000000002","0.1166666666666667","-1.3333333333333333","5.5","5.5","0.0","1.0","1.6666666666666667","1.6666666666666667","0.0","1.0","3.277777777777777","3.277777777777777","0.0","1.0","9.833333333333332","9.833333333333332","0.0","1.0","0.2","-0.20000000000000007","0.4000000000000001","-0.9999999999999998"
"8373","8510","arules","differentLengthRulesNeitherDisjunctNorSubsumingAtt","TRAFFIC","Rule 1 (weak preference)","differentLengthRulesR2subsumingR1AttH","1","3.0","4.0","-1.0","0.75","6","6","0","1.0","6","6","0","1.0","76","125","-49","0.608","37","49","-12","0.7551020408163265","25","31","-6","0.8064516129032258","18","18","0","1.0","1.0","1.0","0.0","1.0","1.0","0.0","1.0","14.390124359771313","31.55659189909189","-17.16646753932058","0.4560100915138881","10.277573840975712","10.277573840975712","0.0","1.0","12.483109214426994","17.25147988559322","-4.768370671166226","0.7235964275071665","0.6","0.6","0.0","1.0","0.0205479452054795","0.0205479452054795","0.0","1.0","0.4","0.4","0.0","1.0","-0.4","-0.2","-0.2","2.0","0.06666666666666668","-0.05000000000000002","0.1166666666666667","-1.3333333333333333","5.5","5.5","0.0","1.0","1.6666666666666667","1.6666666666666667","0.0","1.0","3.277777777777777","3.277777777777777","0.0","1.0","9.833333333333332","9.833333333333332","0.0","1.0","0.2","-0.20000000000000007","0.4000000000000001","-0.9999999999999998"
"795","153","arules","differentLengthRulesNeitherDisjunctNorSubsumingAtt","TRAFFIC","No preference","differentLengthRulesR1subsumingR2AttL","0","3.0","2.0","1.0","1.5","6","6","0","1.0","6","6","0","1.0","72","42","30","1.7142857142857142","30","30","0","1.0","24","21","3","1.1428571428571428","12","12","0","1.0","1.0","1.0","0.0","1.0","1.0","0.0","1.0","147.66141060512453","147.66141060512453","0.0","1.0","3.4974211724647732","3.4974211724647732","0.0","1.0","61.475577762554124","75.57941588879466","-14.103838126240532","0.8133904852216309","1.0","1.0","0.0","1.0","0.0205479452054795","0.0205479452054795","0.0","1.0","0.2","0.0","0.2","","0.0","0.0","0.0","","0.06666666666666668","0.0","0.06666666666666668","","5.5","5.5","0.0","1.0","3.333333333333333","3.333333333333333","0.0","1.0","4.416666666666666","4.416666666666666","0.0","1.0","8.833333333333332","8.833333333333332","0.0","1.0","0.2","0.0","0.2",""
"795","153","arules","differentLengthRulesNeitherDisjunctNorSubsumingAtt","TRAFFIC","Rule 1 (strong preference)","differentLengthRulesR1subsumingR2AttL","2","3.0","2.0","1.0","1.5","6","6","0","1.0","6","6","0","1.0","72","42","30","1.7142857142857142","30","30","0","1.0","24","21","3","1.1428571428571428","12","12","0","1.0","1.0","1.0","0.0","1.0","1.0","0.0","1.0","147.66141060512453","147.66141060512453","0.0","1.0","3.4974211724647732","3.4974211724647732","0.0","1.0","61.475577762554124","75.57941588879466","-14.103838126240532","0.8133904852216309","1.0","1.0","0.0","1.0","0.0205479452054795","0.0205479452054795","0.0","1.0","0.2","0.0","0.2","","0.0","0.0","0.0","","0.06666666666666668","0.0","0.06666666666666668","","5.5","5.5","0.0","1.0","3.333333333333333","3.333333333333333","0.0","1.0","4.416666666666666","4.416666666666666","0.0","1.0","8.833333333333332","8.833333333333332","0.0","1.0","0.2","0.0","0.2",""
"795","153","arules","differentLengthRulesNeitherDisjunctNorSubsumingAtt","TRAFFIC","Rule 2 (strong preference)","differentLengthRulesR1subsumingR2AttL","-2","3.0","2.0","1.0","1.5","6","6","0","1.0","6","6","0","1.0","72","42","30","1.7142857142857142","30","30","0","1.0","24","21","3","1.1428571428571428","12","12","0","1.0","1.0","1.0","0.0","1.0","1.0","0.0","1.0","147.66141060512453","147.66141060512453","0.0","1.0","3.4974211724647732","3.4974211724647732","0.0","1.0","61.475577762554124","75.57941588879466","-14.103838126240532","0.8133904852216309","1.0","1.0","0.0","1.0","0.0205479452054795","0.0205479452054795","0.0","1.0","0.2","0.0","0.2","","0.0","0.0","0.0","","0.06666666666666668","0.0","0.06666666666666668","","5.5","5.5","0.0","1.0","3.333333333333333","3.333333333333333","0.0","1.0","4.416666666666666","4.416666666666666","0.0","1.0","8.833333333333332","8.833333333333332","0.0","1.0","0.2","0.0","0.2",""
"795","153","arules","differentLengthRulesNeitherDisjunctNorSubsumingAtt","TRAFFIC","Rule 1 (strong preference)","differentLengthRulesR1subsumingR2AttL","2","3.0","2.0","1.0","1.5","6","6","0","1.0","6","6","0","1.0","72","42","30","1.7142857142857142","30","30","0","1.0","24","21","3","1.1428571428571428","12","12","0","1.0","1.0","1.0","0.0","1.0","1.0","0.0","1.0","147.66141060512453","147.66141060512453","0.0","1.0","3.4974211724647732","3.4974211724647732","0.0","1.0","61.475577762554124","75.57941588879466","-14.103838126240532","0.8133904852216309","1.0","1.0","0.0","1.0","0.0205479452054795","0.0205479452054795","0.0","1.0","0.2","0.0","0.2","","0.0","0.0","0.0","","0.06666666666666668","0.0","0.06666666666666668","","5.5","5.5","0.0","1.0","3.333333333333333","3.333333333333333","0.0","1.0","4.416666666666666","4.416666666666666","0.0","1.0","8.833333333333332","8.833333333333332","0.0","1.0","0.2","0.0","0.2",""
"795","153","arules","differentLengthRulesNeitherDisjunctNorSubsumingAtt","TRAFFIC","Rule 2 (weak preference)","differentLengthRulesR1subsumingR2AttL","-1","3.0","2.0","1.0","1.5","6","6","0","1.0","6","6","0","1.0","72","42","30","1.7142857142857142","30","30","0","1.0","24","21","3","1.1428571428571428","12","12","0","1.0","1.0","1.0","0.0","1.0","1.0","0.0","1.0","147.66141060512453","147.66141060512453","0.0","1.0","3.4974211724647732","3.4974211724647732","0.0","1.0","61.475577762554124","75.57941588879466","-14.103838126240532","0.8133904852216309","1.0","1.0","0.0","1.0","0.0205479452054795","0.0205479452054795","0.0","1.0","0.2","0.0","0.2","","0.0","0.0","0.0","","0.06666666666666668","0.0","0.06666666666666668","","5.5","5.5","0.0","1.0","3.333333333333333","3.333333333333333","0.0","1.0","4.416666666666666","4.416666666666666","0.0","1.0","8.833333333333332","8.833333333333332","0.0","1.0","0.2","0.0","0.2",""
"1159","3598","arules","differentLengthRulesNeitherDisjunctNorSubsumingAtt","TRAFFIC","Rule 1 (strong preference)","differentLengthRulesNeitherDisjunctNorSubsumingAttL","2","3.0","4.0","-1.0","0.75","6","6","0","1.0","6","4","2","1.5","95","107","-12","0.8878504672897196","37","37","0","1.0","31","26","5","1.1923076923076923","21","21","0","1.0","1.0","1.0","0.0","1.0","6.0","0.0","1.0","14.390124359771313","14.390124359771313","0.0","1.0","2.490174713978225","2.217516700693478","0.2726580132847469","1.1229564644088044","6.365938591481005","10.271211240310766","-3.9052726488297607","0.6197846040296604","1.0","1.0","0.0","1.0","0.0205479452054795","0.0205479452054795","0.0","1.0","0.2","0.2","0.0","1.0","-0.4","-0.4","0.0","1.0","0.0","-0.2","0.2","-0.0","5.5","5.5","0.0","1.0","1.3333333333333333","1.3333333333333333","0.0","1.0","3.1666666666666665","3.1666666666666665","0.0","1.0","9.5","9.5","0.0","1.0","0.0","-0.8","0.8","-0.0"
"1159","3598","arules","differentLengthRulesNeitherDisjunctNorSubsumingAtt","TRAFFIC","Rule 1 (strong preference)","differentLengthRulesNeitherDisjunctNorSubsumingAttL","2","3.0","4.0","-1.0","0.75","6","6","0","1.0","6","4","2","1.5","95","107","-12","0.8878504672897196","37","37","0","1.0","31","26","5","1.1923076923076923","21","21","0","1.0","1.0","1.0","0.0","1.0","6.0","0.0","1.0","14.390124359771313","14.390124359771313","0.0","1.0","2.490174713978225","2.217516700693478","0.2726580132847469","1.1229564644088044","6.365938591481005","10.271211240310766","-3.9052726488297607","0.6197846040296604","1.0","1.0","0.0","1.0","0.0205479452054795","0.0205479452054795","0.0","1.0","0.2","0.2","0.0","1.0","-0.4","-0.4","0.0","1.0","0.0","-0.2","0.2","-0.0","5.5","5.5","0.0","1.0","1.3333333333333333","1.3333333333333333","0.0","1.0","3.1666666666666665","3.1666666666666665","0.0","1.0","9.5","9.5","0.0","1.0","0.0","-0.8","0.8","-0.0"
"1159","3598","arules","differentLengthRulesNeitherDisjunctNorSubsumingAtt","TRAFFIC","Rule 2 (strong preference)","differentLengthRulesNeitherDisjunctNorSubsumingAttL","-2","3.0","4.0","-1.0","0.75","6","6","0","1.0","6","4","2","1.5","95","107","-12","0.8878504672897196","37","37","0","1.0","31","26","5","1.1923076923076923","21","21","0","1.0","1.0","1.0","0.0","1.0","6.0","0.0","1.0","14.390124359771313","14.390124359771313","0.0","1.0","2.490174713978225","2.217516700693478","0.2726580132847469","1.1229564644088044","6.365938591481005","10.271211240310766","-3.9052726488297607","0.6197846040296604","1.0","1.0","0.0","1.0","0.0205479452054795","0.0205479452054795","0.0","1.0","0.2","0.2","0.0","1.0","-0.4","-0.4","0.0","1.0","0.0","-0.2","0.2","-0.0","5.5","5.5","0.0","1.0","1.3333333333333333","1.3333333333333333","0.0","1.0","3.1666666666666665","3.1666666666666665","0.0","1.0","9.5","9.5","0.0","1.0","0.0","-0.8","0.8","-0.0"
"1159","3598","arules","differentLengthRulesNeitherDisjunctNorSubsumingAtt","TRAFFIC","Rule 2 (weak preference)","differentLengthRulesNeitherDisjunctNorSubsumingAttL","-1","3.0","4.0","-1.0","0.75","6","6","0","1.0","6","4","2","1.5","95","107","-12","0.8878504672897196","37","37","0","1.0","31","26","5","1.1923076923076923","21","21","0","1.0","1.0","1.0","0.0","1.0","6.0","0.0","1.0","14.390124359771313","14.390124359771313","0.0","1.0","2.490174713978225","2.217516700693478","0.2726580132847469","1.1229564644088044","6.365938591481005","10.271211240310766","-3.9052726488297607","0.6197846040296604","1.0","1.0","0.0","1.0","0.0205479452054795","0.0205479452054795","0.0","1.0","0.2","0.2","0.0","1.0","-0.4","-0.4","0.0","1.0","0.0","-0.2","0.2","-0.0","5.5","5.5","0.0","1.0","1.3333333333333333","1.3333333333333333","0.0","1.0","3.1666666666666665","3.1666666666666665","0.0","1.0","9.5","9.5","0.0","1.0","0.0","-0.8","0.8","-0.0"
"1159","3598","arules","differentLengthRulesNeitherDisjunctNorSubsumingAtt","TRAFFIC","Rule 2 (weak preference)","differentLengthRulesNeitherDisjunctNorSubsumingAttL","-1","3.0","4.0","-1.0","0.75","6","6","0","1.0","6","4","2","1.5","95","107","-12","0.8878504672897196","37","37","0","1.0","31","26","5","1.1923076923076923","21","21","0","1.0","1.0","1.0","0.0","1.0","6.0","0.0","1.0","14.390124359771313","14.390124359771313","0.0","1.0","2.490174713978225","2.217516700693478","0.2726580132847469","1.1229564644088044","6.365938591481005","10.271211240310766","-3.9052726488297607","0.6197846040296604","1.0","1.0","0.0","1.0","0.0205479452054795","0.0205479452054795","0.0","1.0","0.2","0.2","0.0","1.0","-0.4","-0.4","0.0","1.0","0.0","-0.2","0.2","-0.0","5.5","5.5","0.0","1.0","1.3333333333333333","1.3333333333333333","0.0","1.0","3.1666666666666665","3.1666666666666665","0.0","1.0","9.5","9.5","0.0","1.0","0.0","-0.8","0.8","-0.0"
"10","1805","arules","differentLengthRulesNeitherDisjunctNorSubsumingAtt","TRAFFIC","Rule 2 (weak preference)","differentLengthRulesDisjunctAttH","-1","1.0","3.0","-2.0","0.3333333333333333","6","6","0","1.0","6","6","0","1.0","37","114","-77","0.32456140350877194","37","60","-23","0.6166666666666667","37","38","-1","0.9736842105263158","16","37","-21","0.43243243243243246","0.0","1.0","-1.0","0.0","0.0","0.0","","7.626923231127403","35.69440068369156","-28.06747745256416","0.2136728194069966","7.579642108239146","7.626923231127403","-0.04728112288825681","0.9938007606140192","7.626923231127403","19.212596317353093","-11.58567308622569","0.39697514615651697","1.0","1.0","0.0","1.0","0.0136986301369863","0.0136986301369863","0.0","1.0","0.0","0.0","0.0","","-0.4","0.0","-0.4","-inf","0.0","-0.13333333333333333","0.13333333333333333","-0.0","1.3333333333333333","5.5","-4.166666666666667","0.2424242424242424","3.75","1.3333333333333333","2.416666666666667","2.8125","1.3333333333333333","4.625","-3.291666666666667","0.2882882882882883","1.3333333333333333","9.25","-7.916666666666667","0.14414414414414414","0.0","-0.4","0.4","-0.0"
"10","1805","arules","differentLengthRulesNeitherDisjunctNorSubsumingAtt","TRAFFIC","Rule 1 (weak preference)","differentLengthRulesDisjunctAttH","1","1.0","3.0","-2.0","0.3333333333333333","6","6","0","1.0","6","6","0","1.0","37","114","-77","0.32456140350877194","37","60","-23","0.6166666666666667","37","38","-1","0.9736842105263158","16","37","-21","0.43243243243243246","0.0","1.0","-1.0","0.0","0.0","0.0","","7.626923231127403","35.69440068369156","-28.06747745256416","0.2136728194069966","7.579642108239146","7.626923231127403","-0.04728112288825681","0.9938007606140192","7.626923231127403","19.212596317353093","-11.58567308622569","0.39697514615651697","1.0","1.0","0.0","1.0","0.0136986301369863","0.0136986301369863","0.0","1.0","0.0","0.0","0.0","","-0.4","0.0","-0.4","-inf","0.0","-0.13333333333333333","0.13333333333333333","-0.0","1.3333333333333333","5.5","-4.166666666666667","0.2424242424242424","3.75","1.3333333333333333","2.416666666666667","2.8125","1.3333333333333333","4.625","-3.291666666666667","0.2882882882882883","1.3333333333333333","9.25","-7.916666666666667","0.14414414414414414","0.0","-0.4","0.4","-0.0"
"10","1805","arules","differentLengthRulesNeitherDisjunctNorSubsumingAtt","TRAFFIC","Rule 2 (weak preference)","differentLengthRulesDisjunctAttH","-1","1.0","3.0","-2.0","0.3333333333333333","6","6","0","1.0","6","6","0","1.0","37","114","-77","0.32456140350877194","37","60","-23","0.6166666666666667","37","38","-1","0.9736842105263158","16","37","-21","0.43243243243243246","0.0","1.0","-1.0","0.0","0.0","0.0","","7.626923231127403","35.69440068369156","-28.06747745256416","0.2136728194069966","7.579642108239146","7.626923231127403","-0.04728112288825681","0.9938007606140192","7.626923231127403","19.212596317353093","-11.58567308622569","0.39697514615651697","1.0","1.0","0.0","1.0","0.0136986301369863","0.0136986301369863","0.0","1.0","0.0","0.0","0.0","","-0.4","0.0","-0.4","-inf","0.0","-0.13333333333333333","0.13333333333333333","-0.0","1.3333333333333333","5.5","-4.166666666666667","0.2424242424242424","3.75","1.3333333333333333","2.416666666666667","2.8125","1.3333333333333333","4.625","-3.291666666666667","0.2882882882882883","1.3333333333333333","9.25","-7.916666666666667","0.14414414414414414","0.0","-0.4","0.4","-0.0"
"10","1805","arules","differentLengthRulesNeitherDisjunctNorSubsumingAtt","TRAFFIC","Rule 2 (strong preference)","differentLengthRulesDisjunctAttH","-2","1.0","3.0","-2.0","0.3333333333333333","6","6","0","1.0","6","6","0","1.0","37","114","-77","0.32456140350877194","37","60","-23","0.6166666666666667","37","38","-1","0.9736842105263158","16","37","-21","0.43243243243243246","0.0","1.0","-1.0","0.0","0.0","0.0","","7.626923231127403","35.69440068369156","-28.06747745256416","0.2136728194069966","7.579642108239146","7.626923231127403","-0.04728112288825681","0.9938007606140192","7.626923231127403","19.212596317353093","-11.58567308622569","0.39697514615651697","1.0","1.0","0.0","1.0","0.0136986301369863","0.0136986301369863","0.0","1.0","0.0","0.0","0.0","","-0.4","0.0","-0.4","-inf","0.0","-0.13333333333333333","0.13333333333333333","-0.0","1.3333333333333333","5.5","-4.166666666666667","0.2424242424242424","3.75","1.3333333333333333","2.416666666666667","2.8125","1.3333333333333333","4.625","-3.291666666666667","0.2882882882882883","1.3333333333333333","9.25","-7.916666666666667","0.14414414414414414","0.0","-0.4","0.4","-0.0"
"10","1805","arules","differentLengthRulesNeitherDisjunctNorSubsumingAtt","TRAFFIC","Rule 1 (strong preference)","differentLengthRulesDisjunctAttH","2","1.0","3.0","-2.0","0.3333333333333333","6","6","0","1.0","6","6","0","1.0","37","114","-77","0.32456140350877194","37","60","-23","0.6166666666666667","37","38","-1","0.9736842105263158","16","37","-21","0.43243243243243246","0.0","1.0","-1.0","0.0","0.0","0.0","","7.626923231127403","35.69440068369156","-28.06747745256416","0.2136728194069966","7.579642108239146","7.626923231127403","-0.04728112288825681","0.9938007606140192","7.626923231127403","19.212596317353093","-11.58567308622569","0.39697514615651697","1.0","1.0","0.0","1.0","0.0136986301369863","0.0136986301369863","0.0","1.0","0.0","0.0","0.0","","-0.4","0.0","-0.4","-inf","0.0","-0.13333333333333333","0.13333333333333333","-0.0","1.3333333333333333","5.5","-4.166666666666667","0.2424242424242424","3.75","1.3333333333333333","2.416666666666667","2.8125","1.3333333333333333","4.625","-3.291666666666667","0.2882882882882883","1.3333333333333333","9.25","-7.916666666666667","0.14414414414414414","0.0","-0.4","0.4","-0.0"
"743","2816","arules","differentLengthRulesNeitherDisjunctNorSubsumingAtt","TRAFFIC","Rule 2 (weak preference)","differentLengthRulesNeitherDisjunctNorSubsumingAttL","-1","3.0","4.0","-1.0","0.75","6","6","0","1.0","3","3","0","1.0","100","129","-29","0.7751937984496124","41","41","0","1.0","33","32","1","1.03125","28","18","10","1.5555555555555556","1.0","1.0","0.0","1.0","5.0","0.0","1.0","45.86755870393981","147.66141060512453","-101.79385190118472","0.3106265781694218","0.8240554188985888","39.06419980753994","-38.240144388641355","0.02109490077765613","42.996767395965755","56.90523155950899","-13.908464163543236","0.755585492188036","1.0","1.0","0.0","1.0","0.0136986301369863","0.0136986301369863","0.0","1.0","0.0","0.2","-0.2","0.0","-0.4","-0.4","0.0","1.0","-0.26666666666666666","-0.15000000000000002","-0.11666666666666664","1.7777777777777775","5.5","5.5","0.0","1.0","3.333333333333333","3.333333333333333","0.0","1.0","4.416666666666666","4.416666666666666","0.0","1.0","8.833333333333332","8.833333333333332","0.0","1.0","-0.8","-0.6000000000000001","-0.19999999999999996","1.3333333333333333"
"743","2816","arules","differentLengthRulesNeitherDisjunctNorSubsumingAtt","TRAFFIC","Rule 1 (strong preference)","differentLengthRulesNeitherDisjunctNorSubsumingAttL","2","3.0","4.0","-1.0","0.75","6","6","0","1.0","3","3","0","1.0","100","129","-29","0.7751937984496124","41","41","0","1.0","33","32","1","1.03125","28","18","10","1.5555555555555556","1.0","1.0","0.0","1.0","5.0","0.0","1.0","45.86755870393981","147.66141060512453","-101.79385190118472","0.3106265781694218","0.8240554188985888","39.06419980753994","-38.240144388641355","0.02109490077765613","42.996767395965755","56.90523155950899","-13.908464163543236","0.755585492188036","1.0","1.0","0.0","1.0","0.0136986301369863","0.0136986301369863","0.0","1.0","0.0","0.2","-0.2","0.0","-0.4","-0.4","0.0","1.0","-0.26666666666666666","-0.15000000000000002","-0.11666666666666664","1.7777777777777775","5.5","5.5","0.0","1.0","3.333333333333333","3.333333333333333","0.0","1.0","4.416666666666666","4.416666666666666","0.0","1.0","8.833333333333332","8.833333333333332","0.0","1.0","-0.8","-0.6000000000000001","-0.19999999999999996","1.3333333333333333"
"743","2816","arules","differentLengthRulesNeitherDisjunctNorSubsumingAtt","TRAFFIC","Rule 2 (weak preference)","differentLengthRulesNeitherDisjunctNorSubsumingAttL","-1","3.0","4.0","-1.0","0.75","6","6","0","1.0","3","3","0","1.0","100","129","-29","0.7751937984496124","41","41","0","1.0","33","32","1","1.03125","28","18","10","1.5555555555555556","1.0","1.0","0.0","1.0","5.0","0.0","1.0","45.86755870393981","147.66141060512453","-101.79385190118472","0.3106265781694218","0.8240554188985888","39.06419980753994","-38.240144388641355","0.02109490077765613","42.996767395965755","56.90523155950899","-13.908464163543236","0.755585492188036","1.0","1.0","0.0","1.0","0.0136986301369863","0.0136986301369863","0.0","1.0","0.0","0.2","-0.2","0.0","-0.4","-0.4","0.0","1.0","-0.26666666666666666","-0.15000000000000002","-0.11666666666666664","1.7777777777777775","5.5","5.5","0.0","1.0","3.333333333333333","3.333333333333333","0.0","1.0","4.416666666666666","4.416666666666666","0.0","1.0","8.833333333333332","8.833333333333332","0.0","1.0","-0.8","-0.6000000000000001","-0.19999999999999996","1.3333333333333333"
"743","2816","arules","differentLengthRulesNeitherDisjunctNorSubsumingAtt","TRAFFIC","No preference","differentLengthRulesNeitherDisjunctNorSubsumingAttL","0","3.0","4.0","-1.0","0.75","6","6","0","1.0","3","3","0","1.0","100","129","-29","0.7751937984496124","41","41","0","1.0","33","32","1","1.03125","28","18","10","1.5555555555555556","1.0","1.0","0.0","1.0","5.0","0.0","1.0","45.86755870393981","147.66141060512453","-101.79385190118472","0.3106265781694218","0.8240554188985888","39.06419980753994","-38.240144388641355","0.02109490077765613","42.996767395965755","56.90523155950899","-13.908464163543236","0.755585492188036","1.0","1.0","0.0","1.0","0.0136986301369863","0.0136986301369863","0.0","1.0","0.0","0.2","-0.2","0.0","-0.4","-0.4","0.0","1.0","-0.26666666666666666","-0.15000000000000002","-0.11666666666666664","1.7777777777777775","5.5","5.5","0.0","1.0","3.333333333333333","3.333333333333333","0.0","1.0","4.416666666666666","4.416666666666666","0.0","1.0","8.833333333333332","8.833333333333332","0.0","1.0","-0.8","-0.6000000000000001","-0.19999999999999996","1.3333333333333333"
"743","2816","arules","differentLengthRulesNeitherDisjunctNorSubsumingAtt","TRAFFIC","Rule 1 (strong preference)","differentLengthRulesNeitherDisjunctNorSubsumingAttL","2","3.0","4.0","-1.0","0.75","6","6","0","1.0","3","3","0","1.0","100","129","-29","0.7751937984496124","41","41","0","1.0","33","32","1","1.03125","28","18","10","1.5555555555555556","1.0","1.0","0.0","1.0","5.0","0.0","1.0","45.86755870393981","147.66141060512453","-101.79385190118472","0.3106265781694218","0.8240554188985888","39.06419980753994","-38.240144388641355","0.02109490077765613","42.996767395965755","56.90523155950899","-13.908464163543236","0.755585492188036","1.0","1.0","0.0","1.0","0.0136986301369863","0.0136986301369863","0.0","1.0","0.0","0.2","-0.2","0.0","-0.4","-0.4","0.0","1.0","-0.26666666666666666","-0.15000000000000002","-0.11666666666666664","1.7777777777777775","5.5","5.5","0.0","1.0","3.333333333333333","3.333333333333333","0.0","1.0","4.416666666666666","4.416666666666666","0.0","1.0","8.833333333333332","8.833333333333332","0.0","1.0","-0.8","-0.6000000000000001","-0.19999999999999996","1.3333333333333333"
"1135","3543","arules","differentLengthRulesNeitherDisjunctNorSubsumingAtt","TRAFFIC","No preference","differentLengthRulesNeitherDisjunctNorSubsumingAttL","0","3.0","4.0","-1.0","0.75","6","6","0","1.0","6","6","0","1.0","124","183","-59","0.6775956284153005","60","60","0","1.0","41","45","-4","0.9111111111111111","37","27","10","1.3703703703703705","1.0","1.0","0.0","1.0","1.0","0.0","1.0","10.973070230373942","31.55659189909189","-20.58352166871795","0.3477267211067148","2.490174713978225","2.490174713978225","0.0","1.0","5.320537859419435","12.331691172377553","-7.011153312958118","0.4314524086799389","1.0","1.0","0.0","1.0","0.0205479452054795","0.0205479452054795","0.0","1.0","0.2","0.4","-0.2","0.5","0.0","-0.4","0.4","-0.0","-0.06666666666666668","0.15000000000000002","-0.2166666666666667","-0.4444444444444445","5.5","5.5","0.0","1.0","1.3333333333333333","1.3333333333333333","0.0","1.0","3.4166666666666665","2.833333333333333","0.5833333333333335","1.2058823529411766","6.833333333333332","8.5","-1.6666666666666679","0.8039215686274508","-0.2","0.6000000000000001","-0.8","-0.3333333333333333"
"1135","3543","arules","differentLengthRulesNeitherDisjunctNorSubsumingAtt","TRAFFIC","Rule 2 (strong preference)","differentLengthRulesNeitherDisjunctNorSubsumingAttL","-2","3.0","4.0","-1.0","0.75","6","6","0","1.0","6","6","0","1.0","124","183","-59","0.6775956284153005","60","60","0","1.0","41","45","-4","0.9111111111111111","37","27","10","1.3703703703703705","1.0","1.0","0.0","1.0","1.0","0.0","1.0","10.973070230373942","31.55659189909189","-20.58352166871795","0.3477267211067148","2.490174713978225","2.490174713978225","0.0","1.0","5.320537859419435","12.331691172377553","-7.011153312958118","0.4314524086799389","1.0","1.0","0.0","1.0","0.0205479452054795","0.0205479452054795","0.0","1.0","0.2","0.4","-0.2","0.5","0.0","-0.4","0.4","-0.0","-0.06666666666666668","0.15000000000000002","-0.2166666666666667","-0.4444444444444445","5.5","5.5","0.0","1.0","1.3333333333333333","1.3333333333333333","0.0","1.0","3.4166666666666665","2.833333333333333","0.5833333333333335","1.2058823529411766","6.833333333333332","8.5","-1.6666666666666679","0.8039215686274508","-0.2","0.6000000000000001","-0.8","-0.3333333333333333"
"1135","3543","arules","differentLengthRulesNeitherDisjunctNorSubsumingAtt","TRAFFIC","Rule 2 (strong preference)","differentLengthRulesNeitherDisjunctNorSubsumingAttL","-2","3.0","4.0","-1.0","0.75","6","6","0","1.0","6","6","0","1.0","124","183","-59","0.6775956284153005","60","60","0","1.0","41","45","-4","0.9111111111111111","37","27","10","1.3703703703703705","1.0","1.0","0.0","1.0","1.0","0.0","1.0","10.973070230373942","31.55659189909189","-20.58352166871795","0.3477267211067148","2.490174713978225","2.490174713978225","0.0","1.0","5.320537859419435","12.331691172377553","-7.011153312958118","0.4314524086799389","1.0","1.0","0.0","1.0","0.0205479452054795","0.0205479452054795","0.0","1.0","0.2","0.4","-0.2","0.5","0.0","-0.4","0.4","-0.0","-0.06666666666666668","0.15000000000000002","-0.2166666666666667","-0.4444444444444445","5.5","5.5","0.0","1.0","1.3333333333333333","1.3333333333333333","0.0","1.0","3.4166666666666665","2.833333333333333","0.5833333333333335","1.2058823529411766","6.833333333333332","8.5","-1.6666666666666679","0.8039215686274508","-0.2","0.6000000000000001","-0.8","-0.3333333333333333"
"1135","3543","arules","differentLengthRulesNeitherDisjunctNorSubsumingAtt","TRAFFIC","Rule 2 (strong preference)","differentLengthRulesNeitherDisjunctNorSubsumingAttL","-2","3.0","4.0","-1.0","0.75","6","6","0","1.0","6","6","0","1.0","124","183","-59","0.6775956284153005","60","60","0","1.0","41","45","-4","0.9111111111111111","37","27","10","1.3703703703703705","1.0","1.0","0.0","1.0","1.0","0.0","1.0","10.973070230373942","31.55659189909189","-20.58352166871795","0.3477267211067148","2.490174713978225","2.490174713978225","0.0","1.0","5.320537859419435","12.331691172377553","-7.011153312958118","0.4314524086799389","1.0","1.0","0.0","1.0","0.0205479452054795","0.0205479452054795","0.0","1.0","0.2","0.4","-0.2","0.5","0.0","-0.4","0.4","-0.0","-0.06666666666666668","0.15000000000000002","-0.2166666666666667","-0.4444444444444445","5.5","5.5","0.0","1.0","1.3333333333333333","1.3333333333333333","0.0","1.0","3.4166666666666665","2.833333333333333","0.5833333333333335","1.2058823529411766","6.833333333333332","8.5","-1.6666666666666679","0.8039215686274508","-0.2","0.6000000000000001","-0.8","-0.3333333333333333"
"1135","3543","arules","differentLengthRulesNeitherDisjunctNorSubsumingAtt","TRAFFIC","Rule 1 (weak preference)","differentLengthRulesNeitherDisjunctNorSubsumingAttL","1","3.0","4.0","-1.0","0.75","6","6","0","1.0","6","6","0","1.0","124","183","-59","0.6775956284153005","60","60","0","1.0","41","45","-4","0.9111111111111111","37","27","10","1.3703703703703705","1.0","1.0","0.0","1.0","1.0","0.0","1.0","10.973070230373942","31.55659189909189","-20.58352166871795","0.3477267211067148","2.490174713978225","2.490174713978225","0.0","1.0","5.320537859419435","12.331691172377553","-7.011153312958118","0.4314524086799389","1.0","1.0","0.0","1.0","0.0205479452054795","0.0205479452054795","0.0","1.0","0.2","0.4","-0.2","0.5","0.0","-0.4","0.4","-0.0","-0.06666666666666668","0.15000000000000002","-0.2166666666666667","-0.4444444444444445","5.5","5.5","0.0","1.0","1.3333333333333333","1.3333333333333333","0.0","1.0","3.4166666666666665","2.833333333333333","0.5833333333333335","1.2058823529411766","6.833333333333332","8.5","-1.6666666666666679","0.8039215686274508","-0.2","0.6000000000000001","-0.8","-0.3333333333333333"
"3198","954","arules","differentLengthRulesNeitherDisjunctNorSubsumingAtt","TRAFFIC","Rule 2 (weak preference)","differentLengthRulesR1subsumingR2AttH","-1","4.0","3.0","1.0","1.3333333333333333","6","6","0","1.0","6","6","0","1.0","143","115","28","1.2434782608695651","41","41","0","1.0","35","38","-3","0.9210526315789473","37","28","9","1.3214285714285714","1.0","1.0","0.0","1.0","1.0","0.0","1.0","39.06419980753994","39.06419980753994","0.0","1.0","4.400008316475438","4.400008316475438","0.0","1.0","21.400706990460574","18.748612522183112","2.652094468277461","1.141455505848208","1.0","1.0","0.0","1.0","0.0136986301369863","0.0136986301369863","0.0","1.0","0.4","0.4","0.0","1.0","0.0","0.0","0.0","","0.1","0.13333333333333333","-0.033333333333333326","0.75","5.5","5.5","0.0","1.0","1.3333333333333333","1.3333333333333333","0.0","1.0","2.833333333333333","2.833333333333333","0.0","1.0","8.5","8.5","0.0","1.0","0.4","0.4","0.0","1.0"
"3198","954","arules","differentLengthRulesNeitherDisjunctNorSubsumingAtt","TRAFFIC","No preference","differentLengthRulesR1subsumingR2AttH","0","4.0","3.0","1.0","1.3333333333333333","6","6","0","1.0","6","6","0","1.0","143","115","28","1.2434782608695651","41","41","0","1.0","35","38","-3","0.9210526315789473","37","28","9","1.3214285714285714","1.0","1.0","0.0","1.0","1.0","0.0","1.0","39.06419980753994","39.06419980753994","0.0","1.0","4.400008316475438","4.400008316475438","0.0","1.0","21.400706990460574","18.748612522183112","2.652094468277461","1.141455505848208","1.0","1.0","0.0","1.0","0.0136986301369863","0.0136986301369863","0.0","1.0","0.4","0.4","0.0","1.0","0.0","0.0","0.0","","0.1","0.13333333333333333","-0.033333333333333326","0.75","5.5","5.5","0.0","1.0","1.3333333333333333","1.3333333333333333","0.0","1.0","2.833333333333333","2.833333333333333","0.0","1.0","8.5","8.5","0.0","1.0","0.4","0.4","0.0","1.0"
"3198","954","arules","differentLengthRulesNeitherDisjunctNorSubsumingAtt","TRAFFIC","Rule 1 (strong preference)","differentLengthRulesR1subsumingR2AttH","2","4.0","3.0","1.0","1.3333333333333333","6","6","0","1.0","6","6","0","1.0","143","115","28","1.2434782608695651","41","41","0","1.0","35","38","-3","0.9210526315789473","37","28","9","1.3214285714285714","1.0","1.0","0.0","1.0","1.0","0.0","1.0","39.06419980753994","39.06419980753994","0.0","1.0","4.400008316475438","4.400008316475438","0.0","1.0","21.400706990460574","18.748612522183112","2.652094468277461","1.141455505848208","1.0","1.0","0.0","1.0","0.0136986301369863","0.0136986301369863","0.0","1.0","0.4","0.4","0.0","1.0","0.0","0.0","0.0","","0.1","0.13333333333333333","-0.033333333333333326","0.75","5.5","5.5","0.0","1.0","1.3333333333333333","1.3333333333333333","0.0","1.0","2.833333333333333","2.833333333333333","0.0","1.0","8.5","8.5","0.0","1.0","0.4","0.4","0.0","1.0"
"3198","954","arules","differentLengthRulesNeitherDisjunctNorSubsumingAtt","TRAFFIC","Rule 2 (weak preference)","differentLengthRulesR1subsumingR2AttH","-1","4.0","3.0","1.0","1.3333333333333333","6","6","0","1.0","6","6","0","1.0","143","115","28","1.2434782608695651","41","41","0","1.0","35","38","-3","0.9210526315789473","37","28","9","1.3214285714285714","1.0","1.0","0.0","1.0","1.0","0.0","1.0","39.06419980753994","39.06419980753994","0.0","1.0","4.400008316475438","4.400008316475438","0.0","1.0","21.400706990460574","18.748612522183112","2.652094468277461","1.141455505848208","1.0","1.0","0.0","1.0","0.0136986301369863","0.0136986301369863","0.0","1.0","0.4","0.4","0.0","1.0","0.0","0.0","0.0","","0.1","0.13333333333333333","-0.033333333333333326","0.75","5.5","5.5","0.0","1.0","1.3333333333333333","1.3333333333333333","0.0","1.0","2.833333333333333","2.833333333333333","0.0","1.0","8.5","8.5","0.0","1.0","0.4","0.4","0.0","1.0"
"3198","954","arules","differentLengthRulesNeitherDisjunctNorSubsumingAtt","TRAFFIC","Rule 1 (weak preference)","differentLengthRulesR1subsumingR2AttH","1","4.0","3.0","1.0","1.3333333333333333","6","6","0","1.0","6","6","0","1.0","143","115","28","1.2434782608695651","41","41","0","1.0","35","38","-3","0.9210526315789473","37","28","9","1.3214285714285714","1.0","1.0","0.0","1.0","1.0","0.0","1.0","39.06419980753994","39.06419980753994","0.0","1.0","4.400008316475438","4.400008316475438","0.0","1.0","21.400706990460574","18.748612522183112","2.652094468277461","1.141455505848208","1.0","1.0","0.0","1.0","0.0136986301369863","0.0136986301369863","0.0","1.0","0.4","0.4","0.0","1.0","0.0","0.0","0.0","","0.1","0.13333333333333333","-0.033333333333333326","0.75","5.5","5.5","0.0","1.0","1.3333333333333333","1.3333333333333333","0.0","1.0","2.833333333333333","2.833333333333333","0.0","1.0","8.5","8.5","0.0","1.0","0.4","0.4","0.0","1.0"
"3662","261","arules","differentLengthRulesNeitherDisjunctNorSubsumingAtt","TRAFFIC","Rule 1 (strong preference)","differentLengthRulesR1subsumingR2AttL","2","4.0","2.0","2.0","2.0","6","6","0","1.0","6","6","0","1.0","134","74","60","1.8108108108108107","37","37","0","1.0","33","37","-4","0.8918918918918919","37","30","7","1.2333333333333334","1.0","1.0","0.0","1.0","1.0","0.0","1.0","147.66141060512453","13.995922069946339","133.66548853517818","10.550316718481891","8.749520536464441","8.749520536464441","0.0","1.0","50.9186886804021","11.37272130320539","39.54596737719671","4.477265143748024","1.0","1.0","0.0","1.0","0.0136986301369863","0.0136986301369863","0.0","1.0","0.2","-0.2","0.4","-1.0","-0.2","-0.2","0.0","1.0","-0.05","-0.2","0.15000000000000002","0.25","5.5","1.3333333333333333","4.166666666666667","4.125","1.3333333333333333","1.3333333333333333","0.0","1.0","3.4166666666666665","1.3333333333333333","2.083333333333333","2.5625","6.833333333333332","1.3333333333333333","5.499999999999999","5.124999999999999","-0.2","-0.4","0.2","0.5"
"3662","261","arules","differentLengthRulesNeitherDisjunctNorSubsumingAtt","TRAFFIC","No preference","differentLengthRulesR1subsumingR2AttL","0","4.0","2.0","2.0","2.0","6","6","0","1.0","6","6","0","1.0","134","74","60","1.8108108108108107","37","37","0","1.0","33","37","-4","0.8918918918918919","37","30","7","1.2333333333333334","1.0","1.0","0.0","1.0","1.0","0.0","1.0","147.66141060512453","13.995922069946339","133.66548853517818","10.550316718481891","8.749520536464441","8.749520536464441","0.0","1.0","50.9186886804021","11.37272130320539","39.54596737719671","4.477265143748024","1.0","1.0","0.0","1.0","0.0136986301369863","0.0136986301369863","0.0","1.0","0.2","-0.2","0.4","-1.0","-0.2","-0.2","0.0","1.0","-0.05","-0.2","0.15000000000000002","0.25","5.5","1.3333333333333333","4.166666666666667","4.125","1.3333333333333333","1.3333333333333333","0.0","1.0","3.4166666666666665","1.3333333333333333","2.083333333333333","2.5625","6.833333333333332","1.3333333333333333","5.499999999999999","5.124999999999999","-0.2","-0.4","0.2","0.5"
"3662","261","arules","differentLengthRulesNeitherDisjunctNorSubsumingAtt","TRAFFIC","Rule 1 (strong preference)","differentLengthRulesR1subsumingR2AttL","2","4.0","2.0","2.0","2.0","6","6","0","1.0","6","6","0","1.0","134","74","60","1.8108108108108107","37","37","0","1.0","33","37","-4","0.8918918918918919","37","30","7","1.2333333333333334","1.0","1.0","0.0","1.0","1.0","0.0","1.0","147.66141060512453","13.995922069946339","133.66548853517818","10.550316718481891","8.749520536464441","8.749520536464441","0.0","1.0","50.9186886804021","11.37272130320539","39.54596737719671","4.477265143748024","1.0","1.0","0.0","1.0","0.0136986301369863","0.0136986301369863","0.0","1.0","0.2","-0.2","0.4","-1.0","-0.2","-0.2","0.0","1.0","-0.05","-0.2","0.15000000000000002","0.25","5.5","1.3333333333333333","4.166666666666667","4.125","1.3333333333333333","1.3333333333333333","0.0","1.0","3.4166666666666665","1.3333333333333333","2.083333333333333","2.5625","6.833333333333332","1.3333333333333333","5.499999999999999","5.124999999999999","-0.2","-0.4","0.2","0.5"
"3662","261","arules","differentLengthRulesNeitherDisjunctNorSubsumingAtt","TRAFFIC","Rule 1 (weak preference)","differentLengthRulesR1subsumingR2AttL","1","4.0","2.0","2.0","2.0","6","6","0","1.0","6","6","0","1.0","134","74","60","1.8108108108108107","37","37","0","1.0","33","37","-4","0.8918918918918919","37","30","7","1.2333333333333334","1.0","1.0","0.0","1.0","1.0","0.0","1.0","147.66141060512453","13.995922069946339","133.66548853517818","10.550316718481891","8.749520536464441","8.749520536464441","0.0","1.0","50.9186886804021","11.37272130320539","39.54596737719671","4.477265143748024","1.0","1.0","0.0","1.0","0.0136986301369863","0.0136986301369863","0.0","1.0","0.2","-0.2","0.4","-1.0","-0.2","-0.2","0.0","1.0","-0.05","-0.2","0.15000000000000002","0.25","5.5","1.3333333333333333","4.166666666666667","4.125","1.3333333333333333","1.3333333333333333","0.0","1.0","3.4166666666666665","1.3333333333333333","2.083333333333333","2.5625","6.833333333333332","1.3333333333333333","5.499999999999999","5.124999999999999","-0.2","-0.4","0.2","0.5"
"3662","261","arules","differentLengthRulesNeitherDisjunctNorSubsumingAtt","TRAFFIC","No preference","differentLengthRulesR1subsumingR2AttL","0","4.0","2.0","2.0","2.0","6","6","0","1.0","6","6","0","1.0","134","74","60","1.8108108108108107","37","37","0","1.0","33","37","-4","0.8918918918918919","37","30","7","1.2333333333333334","1.0","1.0","0.0","1.0","1.0","0.0","1.0","147.66141060512453","13.995922069946339","133.66548853517818","10.550316718481891","8.749520536464441","8.749520536464441","0.0","1.0","50.9186886804021","11.37272130320539","39.54596737719671","4.477265143748024","1.0","1.0","0.0","1.0","0.0136986301369863","0.0136986301369863","0.0","1.0","0.2","-0.2","0.4","-1.0","-0.2","-0.2","0.0","1.0","-0.05","-0.2","0.15000000000000002","0.25","5.5","1.3333333333333333","4.166666666666667","4.125","1.3333333333333333","1.3333333333333333","0.0","1.0","3.4166666666666665","1.3333333333333333","2.083333333333333","2.5625","6.833333333333332","1.3333333333333333","5.499999999999999","5.124999999999999","-0.2","-0.4","0.2","0.5"
"255","1168","arules","differentLengthRulesNeitherDisjunctNorSubsumingAtt","TRAFFIC","No preference","differentLengthRulesR2subsumingR1AttL","0","2.0","3.0","-1.0","0.6666666666666666","6","6","0","1.0","4","6","-2","0.6666666666666666","64","101","-37","0.6336633663366337","37","37","0","1.0","32","33","-1","0.9696969696969697","27","27","0","1.0","1.0","1.0","0.0","1.0","1.0","0.0","1.0","10.973070230373942","10.973070230373942","0.0","1.0","2.217516700693478","2.490174713978225","-0.2726580132847469","0.8905064725963918","6.731622472176085","5.226920548348549","1.504701923827536","1.287875415344308","1.0","1.0","0.0","1.0","0.0205479452054795","0.0205479452054795","0.0","1.0","0.2","0.2","0.0","1.0","-0.4","-0.4","0.0","1.0","-0.1","0.0","-0.1","-inf","5.5","5.5","0.0","1.0","1.3333333333333333","1.3333333333333333","0.0","1.0","3.4166666666666665","3.4166666666666665","0.0","1.0","6.833333333333332","6.833333333333332","0.0","1.0","-0.2","0.0","-0.2","-inf"
"255","1168","arules","differentLengthRulesNeitherDisjunctNorSubsumingAtt","TRAFFIC","Rule 2 (weak preference)","differentLengthRulesR2subsumingR1AttL","-1","2.0","3.0","-1.0","0.6666666666666666","6","6","0","1.0","4","6","-2","0.6666666666666666","64","101","-37","0.6336633663366337","37","37","0","1.0","32","33","-1","0.9696969696969697","27","27","0","1.0","1.0","1.0","0.0","1.0","1.0","0.0","1.0","10.973070230373942","10.973070230373942","0.0","1.0","2.217516700693478","2.490174713978225","-0.2726580132847469","0.8905064725963918","6.731622472176085","5.226920548348549","1.504701923827536","1.287875415344308","1.0","1.0","0.0","1.0","0.0205479452054795","0.0205479452054795","0.0","1.0","0.2","0.2","0.0","1.0","-0.4","-0.4","0.0","1.0","-0.1","0.0","-0.1","-inf","5.5","5.5","0.0","1.0","1.3333333333333333","1.3333333333333333","0.0","1.0","3.4166666666666665","3.4166666666666665","0.0","1.0","6.833333333333332","6.833333333333332","0.0","1.0","-0.2","0.0","-0.2","-inf"
"255","1168","arules","differentLengthRulesNeitherDisjunctNorSubsumingAtt","TRAFFIC","Rule 2 (strong preference)","differentLengthRulesR2subsumingR1AttL","-2","2.0","3.0","-1.0","0.6666666666666666","6","6","0","1.0","4","6","-2","0.6666666666666666","64","101","-37","0.6336633663366337","37","37","0","1.0","32","33","-1","0.9696969696969697","27","27","0","1.0","1.0","1.0","0.0","1.0","1.0","0.0","1.0","10.973070230373942","10.973070230373942","0.0","1.0","2.217516700693478","2.490174713978225","-0.2726580132847469","0.8905064725963918","6.731622472176085","5.226920548348549","1.504701923827536","1.287875415344308","1.0","1.0","0.0","1.0","0.0205479452054795","0.0205479452054795","0.0","1.0","0.2","0.2","0.0","1.0","-0.4","-0.4","0.0","1.0","-0.1","0.0","-0.1","-inf","5.5","5.5","0.0","1.0","1.3333333333333333","1.3333333333333333","0.0","1.0","3.4166666666666665","3.4166666666666665","0.0","1.0","6.833333333333332","6.833333333333332","0.0","1.0","-0.2","0.0","-0.2","-inf"
"255","1168","arules","differentLengthRulesNeitherDisjunctNorSubsumingAtt","TRAFFIC","Rule 2 (strong preference)","differentLengthRulesR2subsumingR1AttL","-2","2.0","3.0","-1.0","0.6666666666666666","6","6","0","1.0","4","6","-2","0.6666666666666666","64","101","-37","0.6336633663366337","37","37","0","1.0","32","33","-1","0.9696969696969697","27","27","0","1.0","1.0","1.0","0.0","1.0","1.0","0.0","1.0","10.973070230373942","10.973070230373942","0.0","1.0","2.217516700693478","2.490174713978225","-0.2726580132847469","0.8905064725963918","6.731622472176085","5.226920548348549","1.504701923827536","1.287875415344308","1.0","1.0","0.0","1.0","0.0205479452054795","0.0205479452054795","0.0","1.0","0.2","0.2","0.0","1.0","-0.4","-0.4","0.0","1.0","-0.1","0.0","-0.1","-inf","5.5","5.5","0.0","1.0","1.3333333333333333","1.3333333333333333","0.0","1.0","3.4166666666666665","3.4166666666666665","0.0","1.0","6.833333333333332","6.833333333333332","0.0","1.0","-0.2","0.0","-0.2","-inf"
"255","1168","arules","differentLengthRulesNeitherDisjunctNorSubsumingAtt","TRAFFIC","Rule 1 (weak preference)","differentLengthRulesR2subsumingR1AttL","1","2.0","3.0","-1.0","0.6666666666666666","6","6","0","1.0","4","6","-2","0.6666666666666666","64","101","-37","0.6336633663366337","37","37","0","1.0","32","33","-1","0.9696969696969697","27","27","0","1.0","1.0","1.0","0.0","1.0","1.0","0.0","1.0","10.973070230373942","10.973070230373942","0.0","1.0","2.217516700693478","2.490174713978225","-0.2726580132847469","0.8905064725963918","6.731622472176085","5.226920548348549","1.504701923827536","1.287875415344308","1.0","1.0","0.0","1.0","0.0205479452054795","0.0205479452054795","0.0","1.0","0.2","0.2","0.0","1.0","-0.4","-0.4","0.0","1.0","-0.1","0.0","-0.1","-inf","5.5","5.5","0.0","1.0","1.3333333333333333","1.3333333333333333","0.0","1.0","3.4166666666666665","3.4166666666666665","0.0","1.0","6.833333333333332","6.833333333333332","0.0","1.0","-0.2","0.0","-0.2","-inf"
"22165","20141","InvertedHeuristics","differentLengthRulesNeitherDisjunctNorSubsumingAtt","TRAFFIC","Rule 1 (weak preference)","dfInvertedHeuristicsOther","1","1.0","2.0","-1.0","0.5","6","6","0","1.0","6","6","0","1.0","37","67","-30","0.5522388059701493","37","37","0","1.0","37","33","4","1.121212121212121","30","37","-7","0.8108108108108109","0.0","1.0","-1.0","0.0","0.0","0.0","","2.490174713978225","147.66141060512453","-145.1712358911463","0.016864085909604636","2.490174713978225","2.490174713978225","0.0","1.0","2.490174713978225","75.07579265955137","-72.58561794557315","0.03316881015523208","1.0","1.0","0.0","1.0","","","","","0.2","0.2","0.0","1.0","0.0","0.2","-0.2","0.0","0.2","0.1","0.1","2.0","1.3333333333333333","5.5","-4.166666666666667","0.2424242424242424","1.3333333333333333","1.3333333333333333","0.0","1.0","1.3333333333333333","3.4166666666666665","-2.083333333333333","0.3902439024390244","1.3333333333333333","6.833333333333332","-5.499999999999999","0.19512195121951223","0.2","0.2","0.0","1.0"
"22165","20141","InvertedHeuristics","differentLengthRulesNeitherDisjunctNorSubsumingAtt","TRAFFIC","Rule 1 (weak preference)","dfInvertedHeuristicsOther","1","1.0","2.0","-1.0","0.5","6","6","0","1.0","6","6","0","1.0","37","67","-30","0.5522388059701493","37","37","0","1.0","37","33","4","1.121212121212121","30","37","-7","0.8108108108108109","0.0","1.0","-1.0","0.0","0.0","0.0","","2.490174713978225","147.66141060512453","-145.1712358911463","0.016864085909604636","2.490174713978225","2.490174713978225","0.0","1.0","2.490174713978225","75.07579265955137","-72.58561794557315","0.03316881015523208","1.0","1.0","0.0","1.0","","","","","0.2","0.2","0.0","1.0","0.0","0.2","-0.2","0.0","0.2","0.1","0.1","2.0","1.3333333333333333","5.5","-4.166666666666667","0.2424242424242424","1.3333333333333333","1.3333333333333333","0.0","1.0","1.3333333333333333","3.4166666666666665","-2.083333333333333","0.3902439024390244","1.3333333333333333","6.833333333333332","-5.499999999999999","0.19512195121951223","0.2","0.2","0.0","1.0"
"22165","20141","InvertedHeuristics","differentLengthRulesNeitherDisjunctNorSubsumingAtt","TRAFFIC","Rule 1 (weak preference)","dfInvertedHeuristicsOther","1","1.0","2.0","-1.0","0.5","6","6","0","1.0","6","6","0","1.0","37","67","-30","0.5522388059701493","37","37","0","1.0","37","33","4","1.121212121212121","30","37","-7","0.8108108108108109","0.0","1.0","-1.0","0.0","0.0","0.0","","2.490174713978225","147.66141060512453","-145.1712358911463","0.016864085909604636","2.490174713978225","2.490174713978225","0.0","1.0","2.490174713978225","75.07579265955137","-72.58561794557315","0.03316881015523208","1.0","1.0","0.0","1.0","","","","","0.2","0.2","0.0","1.0","0.0","0.2","-0.2","0.0","0.2","0.1","0.1","2.0","1.3333333333333333","5.5","-4.166666666666667","0.2424242424242424","1.3333333333333333","1.3333333333333333","0.0","1.0","1.3333333333333333","3.4166666666666665","-2.083333333333333","0.3902439024390244","1.3333333333333333","6.833333333333332","-5.499999999999999","0.19512195121951223","0.2","0.2","0.0","1.0"
"22165","20141","InvertedHeuristics","differentLengthRulesNeitherDisjunctNorSubsumingAtt","TRAFFIC","Rule 1 (weak preference)","dfInvertedHeuristicsOther","1","1.0","2.0","-1.0","0.5","6","6","0","1.0","6","6","0","1.0","37","67","-30","0.5522388059701493","37","37","0","1.0","37","33","4","1.121212121212121","30","37","-7","0.8108108108108109","0.0","1.0","-1.0","0.0","0.0","0.0","","2.490174713978225","147.66141060512453","-145.1712358911463","0.016864085909604636","2.490174713978225","2.490174713978225","0.0","1.0","2.490174713978225","75.07579265955137","-72.58561794557315","0.03316881015523208","1.0","1.0","0.0","1.0","","","","","0.2","0.2","0.0","1.0","0.0","0.2","-0.2","0.0","0.2","0.1","0.1","2.0","1.3333333333333333","5.5","-4.166666666666667","0.2424242424242424","1.3333333333333333","1.3333333333333333","0.0","1.0","1.3333333333333333","3.4166666666666665","-2.083333333333333","0.3902439024390244","1.3333333333333333","6.833333333333332","-5.499999999999999","0.19512195121951223","0.2","0.2","0.0","1.0"
"22165","20141","InvertedHeuristics","differentLengthRulesNeitherDisjunctNorSubsumingAtt","TRAFFIC","Rule 2 (weak preference)","dfInvertedHeuristicsOther","-1","1.0","2.0","-1.0","0.5","6","6","0","1.0","6","6","0","1.0","37","67","-30","0.5522388059701493","37","37","0","1.0","37","33","4","1.121212121212121","30","37","-7","0.8108108108108109","0.0","1.0","-1.0","0.0","0.0","0.0","","2.490174713978225","147.66141060512453","-145.1712358911463","0.016864085909604636","2.490174713978225","2.490174713978225","0.0","1.0","2.490174713978225","75.07579265955137","-72.58561794557315","0.03316881015523208","1.0","1.0","0.0","1.0","","","","","0.2","0.2","0.0","1.0","0.0","0.2","-0.2","0.0","0.2","0.1","0.1","2.0","1.3333333333333333","5.5","-4.166666666666667","0.2424242424242424","1.3333333333333333","1.3333333333333333","0.0","1.0","1.3333333333333333","3.4166666666666665","-2.083333333333333","0.3902439024390244","1.3333333333333333","6.833333333333332","-5.499999999999999","0.19512195121951223","0.2","0.2","0.0","1.0"
"798","2904","arules","differentLengthRulesNeitherDisjunctNorSubsumingAtt","TRAFFIC","No preference","differentLengthRulesR2subsumingR1AttL","0","3.0","4.0","-1.0","0.75","6","6","0","1.0","4","4","0","1.0","70","88","-18","0.7954545454545454","30","30","0","1.0","23","22","1","1.0454545454545454","12","12","0","1.0","1.0","1.0","0.0","1.0","6.0","0.0","1.0","147.66141060512453","147.66141060512453","0.0","1.0","0.8240554188985888","0.8240554188985888","0.0","1.0","50.6609623988293","49.01035771822636","1.6506046806029389","1.0336786907390618","1.0","1.0","0.0","1.0","0.0205479452054795","0.0205479452054795","0.0","1.0","0.0","0.0","0.0","","-0.4","-0.4","0.0","1.0","-0.13333333333333333","-0.1","-0.033333333333333326","1.3333333333333333","5.5","5.5","0.0","1.0","3.333333333333333","3.333333333333333","0.0","1.0","4.416666666666666","4.416666666666666","0.0","1.0","8.833333333333332","8.833333333333332","0.0","1.0","-0.4","-0.4","0.0","1.0"
"798","2904","arules","differentLengthRulesNeitherDisjunctNorSubsumingAtt","TRAFFIC","No preference","differentLengthRulesR2subsumingR1AttL","0","3.0","4.0","-1.0","0.75","6","6","0","1.0","4","4","0","1.0","70","88","-18","0.7954545454545454","30","30","0","1.0","23","22","1","1.0454545454545454","12","12","0","1.0","1.0","1.0","0.0","1.0","6.0","0.0","1.0","147.66141060512453","147.66141060512453","0.0","1.0","0.8240554188985888","0.8240554188985888","0.0","1.0","50.6609623988293","49.01035771822636","1.6506046806029389","1.0336786907390618","1.0","1.0","0.0","1.0","0.0205479452054795","0.0205479452054795","0.0","1.0","0.0","0.0","0.0","","-0.4","-0.4","0.0","1.0","-0.13333333333333333","-0.1","-0.033333333333333326","1.3333333333333333","5.5","5.5","0.0","1.0","3.333333333333333","3.333333333333333","0.0","1.0","4.416666666666666","4.416666666666666","0.0","1.0","8.833333333333332","8.833333333333332","0.0","1.0","-0.4","-0.4","0.0","1.0"
"798","2904","arules","differentLengthRulesNeitherDisjunctNorSubsumingAtt","TRAFFIC","No preference","differentLengthRulesR2subsumingR1AttL","0","3.0","4.0","-1.0","0.75","6","6","0","1.0","4","4","0","1.0","70","88","-18","0.7954545454545454","30","30","0","1.0","23","22","1","1.0454545454545454","12","12","0","1.0","1.0","1.0","0.0","1.0","6.0","0.0","1.0","147.66141060512453","147.66141060512453","0.0","1.0","0.8240554188985888","0.8240554188985888","0.0","1.0","50.6609623988293","49.01035771822636","1.6506046806029389","1.0336786907390618","1.0","1.0","0.0","1.0","0.0205479452054795","0.0205479452054795","0.0","1.0","0.0","0.0","0.0","","-0.4","-0.4","0.0","1.0","-0.13333333333333333","-0.1","-0.033333333333333326","1.3333333333333333","5.5","5.5","0.0","1.0","3.333333333333333","3.333333333333333","0.0","1.0","4.416666666666666","4.416666666666666","0.0","1.0","8.833333333333332","8.833333333333332","0.0","1.0","-0.4","-0.4","0.0","1.0"
"798","2904","arules","differentLengthRulesNeitherDisjunctNorSubsumingAtt","TRAFFIC","No preference","differentLengthRulesR2subsumingR1AttL","0","3.0","4.0","-1.0","0.75","6","6","0","1.0","4","4","0","1.0","70","88","-18","0.7954545454545454","30","30","0","1.0","23","22","1","1.0454545454545454","12","12","0","1.0","1.0","1.0","0.0","1.0","6.0","0.0","1.0","147.66141060512453","147.66141060512453","0.0","1.0","0.8240554188985888","0.8240554188985888","0.0","1.0","50.6609623988293","49.01035771822636","1.6506046806029389","1.0336786907390618","1.0","1.0","0.0","1.0","0.0205479452054795","0.0205479452054795","0.0","1.0","0.0","0.0","0.0","","-0.4","-0.4","0.0","1.0","-0.13333333333333333","-0.1","-0.033333333333333326","1.3333333333333333","5.5","5.5","0.0","1.0","3.333333333333333","3.333333333333333","0.0","1.0","4.416666666666666","4.416666666666666","0.0","1.0","8.833333333333332","8.833333333333332","0.0","1.0","-0.4","-0.4","0.0","1.0"
"798","2904","arules","differentLengthRulesNeitherDisjunctNorSubsumingAtt","TRAFFIC","Rule 2 (weak preference)","differentLengthRulesR2subsumingR1AttL","-1","3.0","4.0","-1.0","0.75","6","6","0","1.0","4","4","0","1.0","70","88","-18","0.7954545454545454","30","30","0","1.0","23","22","1","1.0454545454545454","12","12","0","1.0","1.0","1.0","0.0","1.0","6.0","0.0","1.0","147.66141060512453","147.66141060512453","0.0","1.0","0.8240554188985888","0.8240554188985888","0.0","1.0","50.6609623988293","49.01035771822636","1.6506046806029389","1.0336786907390618","1.0","1.0","0.0","1.0","0.0205479452054795","0.0205479452054795","0.0","1.0","0.0","0.0","0.0","","-0.4","-0.4","0.0","1.0","-0.13333333333333333","-0.1","-0.033333333333333326","1.3333333333333333","5.5","5.5","0.0","1.0","3.333333333333333","3.333333333333333","0.0","1.0","4.416666666666666","4.416666666666666","0.0","1.0","8.833333333333332","8.833333333333332","0.0","1.0","-0.4","-0.4","0.0","1.0"
"526","5278","arules","differentLengthRulesNeitherDisjunctNorSubsumingAtt","TRAFFIC","Rule 1 (weak preference)","differentLengthRulesDisjunctAttL","1","2.0","4.0","-2.0","0.5","6","6","0","1.0","6","6","0","1.0","68","141","-73","0.48226950354609927","38","41","-3","0.926829268292683","34","35","-1","0.9714285714285714","30","30","0","1.0","1.0","1.0","0.0","1.0","1.0","0.0","1.0","58.6509084091644","147.66141060512453","-89.01050219596013","0.3971986192520427","17.129053730423678","33.26790151007305","-16.138847779649375","0.514882302547314","45.95940495961872","59.887266206694925","-13.927861247076201","0.7674320080164357","1.0","1.0","0.0","1.0","0.0136986301369863","0.0136986301369863","0.0","1.0","0.2","0.2","0.0","1.0","-0.4","0.0","-0.4","-inf","0.1","-0.05","0.15000000000000002","-2.0","5.5","5.5","0.0","1.0","5.5","1.6666666666666667","3.833333333333333","3.3","3.583333333333333","5.5","-1.916666666666667","0.6515151515151515","7.166666666666668","5.5","1.6666666666666679","1.3030303030303032","0.2","-0.2","0.4","-1.0"
"526","5278","arules","differentLengthRulesNeitherDisjunctNorSubsumingAtt","TRAFFIC","Rule 2 (strong preference)","differentLengthRulesDisjunctAttL","-2","2.0","4.0","-2.0","0.5","6","6","0","1.0","6","6","0","1.0","68","141","-73","0.48226950354609927","38","41","-3","0.926829268292683","34","35","-1","0.9714285714285714","30","30","0","1.0","1.0","1.0","0.0","1.0","1.0","0.0","1.0","58.6509084091644","147.66141060512453","-89.01050219596013","0.3971986192520427","17.129053730423678","33.26790151007305","-16.138847779649375","0.514882302547314","45.95940495961872","59.887266206694925","-13.927861247076201","0.7674320080164357","1.0","1.0","0.0","1.0","0.0136986301369863","0.0136986301369863","0.0","1.0","0.2","0.2","0.0","1.0","-0.4","0.0","-0.4","-inf","0.1","-0.05","0.15000000000000002","-2.0","5.5","5.5","0.0","1.0","5.5","1.6666666666666667","3.833333333333333","3.3","3.583333333333333","5.5","-1.916666666666667","0.6515151515151515","7.166666666666668","5.5","1.6666666666666679","1.3030303030303032","0.2","-0.2","0.4","-1.0"
"526","5278","arules","differentLengthRulesNeitherDisjunctNorSubsumingAtt","TRAFFIC","No preference","differentLengthRulesDisjunctAttL","0","2.0","4.0","-2.0","0.5","6","6","0","1.0","6","6","0","1.0","68","141","-73","0.48226950354609927","38","41","-3","0.926829268292683","34","35","-1","0.9714285714285714","30","30","0","1.0","1.0","1.0","0.0","1.0","1.0","0.0","1.0","58.6509084091644","147.66141060512453","-89.01050219596013","0.3971986192520427","17.129053730423678","33.26790151007305","-16.138847779649375","0.514882302547314","45.95940495961872","59.887266206694925","-13.927861247076201","0.7674320080164357","1.0","1.0","0.0","1.0","0.0136986301369863","0.0136986301369863","0.0","1.0","0.2","0.2","0.0","1.0","-0.4","0.0","-0.4","-inf","0.1","-0.05","0.15000000000000002","-2.0","5.5","5.5","0.0","1.0","5.5","1.6666666666666667","3.833333333333333","3.3","3.583333333333333","5.5","-1.916666666666667","0.6515151515151515","7.166666666666668","5.5","1.6666666666666679","1.3030303030303032","0.2","-0.2","0.4","-1.0"
"526","5278","arules","differentLengthRulesNeitherDisjunctNorSubsumingAtt","TRAFFIC","Rule 1 (weak preference)","differentLengthRulesDisjunctAttL","1","2.0","4.0","-2.0","0.5","6","6","0","1.0","6","6","0","1.0","68","141","-73","0.48226950354609927","38","41","-3","0.926829268292683","34","35","-1","0.9714285714285714","30","30","0","1.0","1.0","1.0","0.0","1.0","1.0","0.0","1.0","58.6509084091644","147.66141060512453","-89.01050219596013","0.3971986192520427","17.129053730423678","33.26790151007305","-16.138847779649375","0.514882302547314","45.95940495961872","59.887266206694925","-13.927861247076201","0.7674320080164357","1.0","1.0","0.0","1.0","0.0136986301369863","0.0136986301369863","0.0","1.0","0.2","0.2","0.0","1.0","-0.4","0.0","-0.4","-inf","0.1","-0.05","0.15000000000000002","-2.0","5.5","5.5","0.0","1.0","5.5","1.6666666666666667","3.833333333333333","3.3","3.583333333333333","5.5","-1.916666666666667","0.6515151515151515","7.166666666666668","5.5","1.6666666666666679","1.3030303030303032","0.2","-0.2","0.4","-1.0"
"526","5278","arules","differentLengthRulesNeitherDisjunctNorSubsumingAtt","TRAFFIC","Rule 2 (weak preference)","differentLengthRulesDisjunctAttL","-1","2.0","4.0","-2.0","0.5","6","6","0","1.0","6","6","0","1.0","68","141","-73","0.48226950354609927","38","41","-3","0.926829268292683","34","35","-1","0.9714285714285714","30","30","0","1.0","1.0","1.0","0.0","1.0","1.0","0.0","1.0","58.6509084091644","147.66141060512453","-89.01050219596013","0.3971986192520427","17.129053730423678","33.26790151007305","-16.138847779649375","0.514882302547314","45.95940495961872","59.887266206694925","-13.927861247076201","0.7674320080164357","1.0","1.0","0.0","1.0","0.0136986301369863","0.0136986301369863","0.0","1.0","0.2","0.2","0.0","1.0","-0.4","0.0","-0.4","-inf","0.1","-0.05","0.15000000000000002","-2.0","5.5","5.5","0.0","1.0","5.5","1.6666666666666667","3.833333333333333","3.3","3.583333333333333","5.5","-1.916666666666667","0.6515151515151515","7.166666666666668","5.5","1.6666666666666679","1.3030303030303032","0.2","-0.2","0.4","-1.0"
"43826","15178","InvertedHeuristics","differentLengthRulesNeitherDisjunctNorSubsumingAtt","TRAFFIC","Rule 2 (weak preference)","dfInvertedHeuristicsLargeDiffInRuleLen","-1","1.0","3.0","-2.0","0.3333333333333333","6","6","0","1.0","4","6","-2","0.6666666666666666","13","102","-89","0.12745098039215685","13","49","-36","0.2653061224489796","13","34","-21","0.38235294117647056","16","13","3","1.2307692307692308","0.0","1.0","-1.0","0.0","0.0","0.0","","7.744111855839787","31.55659189909189","-23.812480043252105","0.2454039359067365","2.217516700693478","7.744111855839787","-5.526595155146309","0.28634874366145197","7.744111855839787","","","","1.0","1.0","0.0","1.0","","","","","0.6","-0.2","0.8","-2.9999999999999996","-0.4","0.6","-1.0","-0.6666666666666667","0.6","-0.30000000000000004","0.9","-1.9999999999999996","4.5","5.5","-1.0","0.8181818181818182","2.6666666666666665","4.5","-1.8333333333333335","0.5925925925925926","4.5","4.083333333333333","0.41666666666666696","1.1020408163265307","4.5","8.166666666666666","-3.666666666666666","0.5510204081632654","0.6","-0.6000000000000001","1.2000000000000002","-0.9999999999999998"
"43826","15178","InvertedHeuristics","differentLengthRulesNeitherDisjunctNorSubsumingAtt","TRAFFIC","Rule 1 (weak preference)","dfInvertedHeuristicsLargeDiffInRuleLen","1","1.0","3.0","-2.0","0.3333333333333333","6","6","0","1.0","4","6","-2","0.6666666666666666","13","102","-89","0.12745098039215685","13","49","-36","0.2653061224489796","13","34","-21","0.38235294117647056","16","13","3","1.2307692307692308","0.0","1.0","-1.0","0.0","0.0","0.0","","7.744111855839787","31.55659189909189","-23.812480043252105","0.2454039359067365","2.217516700693478","7.744111855839787","-5.526595155146309","0.28634874366145197","7.744111855839787","","","","1.0","1.0","0.0","1.0","","","","","0.6","-0.2","0.8","-2.9999999999999996","-0.4","0.6","-1.0","-0.6666666666666667","0.6","-0.30000000000000004","0.9","-1.9999999999999996","4.5","5.5","-1.0","0.8181818181818182","2.6666666666666665","4.5","-1.8333333333333335","0.5925925925925926","4.5","4.083333333333333","0.41666666666666696","1.1020408163265307","4.5","8.166666666666666","-3.666666666666666","0.5510204081632654","0.6","-0.6000000000000001","1.2000000000000002","-0.9999999999999998"
"43826","15178","InvertedHeuristics","differentLengthRulesNeitherDisjunctNorSubsumingAtt","TRAFFIC","No preference","dfInvertedHeuristicsLargeDiffInRuleLen","0","1.0","3.0","-2.0","0.3333333333333333","6","6","0","1.0","4","6","-2","0.6666666666666666","13","102","-89","0.12745098039215685","13","49","-36","0.2653061224489796","13","34","-21","0.38235294117647056","16","13","3","1.2307692307692308","0.0","1.0","-1.0","0.0","0.0","0.0","","7.744111855839787","31.55659189909189","-23.812480043252105","0.2454039359067365","2.217516700693478","7.744111855839787","-5.526595155146309","0.28634874366145197","7.744111855839787","","","","1.0","1.0","0.0","1.0","","","","","0.6","-0.2","0.8","-2.9999999999999996","-0.4","0.6","-1.0","-0.6666666666666667","0.6","-0.30000000000000004","0.9","-1.9999999999999996","4.5","5.5","-1.0","0.8181818181818182","2.6666666666666665","4.5","-1.8333333333333335","0.5925925925925926","4.5","4.083333333333333","0.41666666666666696","1.1020408163265307","4.5","8.166666666666666","-3.666666666666666","0.5510204081632654","0.6","-0.6000000000000001","1.2000000000000002","-0.9999999999999998"
"43826","15178","InvertedHeuristics","differentLengthRulesNeitherDisjunctNorSubsumingAtt","TRAFFIC","Rule 1 (weak preference)","dfInvertedHeuristicsLargeDiffInRuleLen","1","1.0","3.0","-2.0","0.3333333333333333","6","6","0","1.0","4","6","-2","0.6666666666666666","13","102","-89","0.12745098039215685","13","49","-36","0.2653061224489796","13","34","-21","0.38235294117647056","16","13","3","1.2307692307692308","0.0","1.0","-1.0","0.0","0.0","0.0","","7.744111855839787","31.55659189909189","-23.812480043252105","0.2454039359067365","2.217516700693478","7.744111855839787","-5.526595155146309","0.28634874366145197","7.744111855839787","","","","1.0","1.0","0.0","1.0","","","","","0.6","-0.2","0.8","-2.9999999999999996","-0.4","0.6","-1.0","-0.6666666666666667","0.6","-0.30000000000000004","0.9","-1.9999999999999996","4.5","5.5","-1.0","0.8181818181818182","2.6666666666666665","4.5","-1.8333333333333335","0.5925925925925926","4.5","4.083333333333333","0.41666666666666696","1.1020408163265307","4.5","8.166666666666666","-3.666666666666666","0.5510204081632654","0.6","-0.6000000000000001","1.2000000000000002","-0.9999999999999998"
"43826","15178","InvertedHeuristics","differentLengthRulesNeitherDisjunctNorSubsumingAtt","TRAFFIC","No preference","dfInvertedHeuristicsLargeDiffInRuleLen","0","1.0","3.0","-2.0","0.3333333333333333","6","6","0","1.0","4","6","-2","0.6666666666666666","13","102","-89","0.12745098039215685","13","49","-36","0.2653061224489796","13","34","-21","0.38235294117647056","16","13","3","1.2307692307692308","0.0","1.0","-1.0","0.0","0.0","0.0","","7.744111855839787","31.55659189909189","-23.812480043252105","0.2454039359067365","2.217516700693478","7.744111855839787","-5.526595155146309","0.28634874366145197","7.744111855839787","","","","1.0","1.0","0.0","1.0","","","","","0.6","-0.2","0.8","-2.9999999999999996","-0.4","0.6","-1.0","-0.6666666666666667","0.6","-0.30000000000000004","0.9","-1.9999999999999996","4.5","5.5","-1.0","0.8181818181818182","2.6666666666666665","4.5","-1.8333333333333335","0.5925925925925926","4.5","4.083333333333333","0.41666666666666696","1.1020408163265307","4.5","8.166666666666666","-3.666666666666666","0.5510204081632654","0.6","-0.6000000000000001","1.2000000000000002","-0.9999999999999998"
"1","12","arules","differentLengthRulesNeitherDisjunctNorSubsumingAtt","QUALITY","Rule 2 (weak preference)","arules","-1","1.0","2.0","-1.0","0.5","7","7","0","1.0","7","7","0","1.0","19","48","-29","0.3958333333333333","19","29","-10","0.6551724137931034","19","24","-5","0.7916666666666666","19","19","0","1.0","0.0","5.0","-5.0","0.0","0.0","0.0","","10.570262930585162","10.570262930585162","0.0","1.0","3.8128933334027737","10.570262930585162","-6.757369597182389","0.3607188731673011","10.570262930585162","7.191578131993968","3.3786847985911947","1.4698113177078709","1.0","1.0","0.0","1.0","0.0130434782608696","0.0130434782608696","0.0","1.0","1.0","1.0","0.0","1.0","0.6","1.0","-0.4","0.6","1.0","0.8","0.19999999999999996","1.25","","","","","","","","","","","","","","","","","1.0","1.6","-0.6000000000000001","0.625"
"1","12","arules","differentLengthRulesNeitherDisjunctNorSubsumingAtt","QUALITY","Rule 2 (weak preference)","arules","-1","1.0","2.0","-1.0","0.5","7","7","0","1.0","7","7","0","1.0","19","48","-29","0.3958333333333333","19","29","-10","0.6551724137931034","19","24","-5","0.7916666666666666","19","19","0","1.0","0.0","5.0","-5.0","0.0","0.0","0.0","","10.570262930585162","10.570262930585162","0.0","1.0","3.8128933334027737","10.570262930585162","-6.757369597182389","0.3607188731673011","10.570262930585162","7.191578131993968","3.3786847985911947","1.4698113177078709","1.0","1.0","0.0","1.0","0.0130434782608696","0.0130434782608696","0.0","1.0","1.0","1.0","0.0","1.0","0.6","1.0","-0.4","0.6","1.0","0.8","0.19999999999999996","1.25","","","","","","","","","","","","","","","","","1.0","1.6","-0.6000000000000001","0.625"
"1","12","arules","differentLengthRulesNeitherDisjunctNorSubsumingAtt","QUALITY","Rule 1 (strong preference)","arules","2","1.0","2.0","-1.0","0.5","7","7","0","1.0","7","7","0","1.0","19","48","-29","0.3958333333333333","19","29","-10","0.6551724137931034","19","24","-5","0.7916666666666666","19","19","0","1.0","0.0","5.0","-5.0","0.0","0.0","0.0","","10.570262930585162","10.570262930585162","0.0","1.0","3.8128933334027737","10.570262930585162","-6.757369597182389","0.3607188731673011","10.570262930585162","7.191578131993968","3.3786847985911947","1.4698113177078709","1.0","1.0","0.0","1.0","0.0130434782608696","0.0130434782608696","0.0","1.0","1.0","1.0","0.0","1.0","0.6","1.0","-0.4","0.6","1.0","0.8","0.19999999999999996","1.25","","","","","","","","","","","","","","","","","1.0","1.6","-0.6000000000000001","0.625"
"1","12","arules","differentLengthRulesNeitherDisjunctNorSubsumingAtt","QUALITY","Rule 2 (strong preference)","arules","-2","1.0","2.0","-1.0","0.5","7","7","0","1.0","7","7","0","1.0","19","48","-29","0.3958333333333333","19","29","-10","0.6551724137931034","19","24","-5","0.7916666666666666","19","19","0","1.0","0.0","5.0","-5.0","0.0","0.0","0.0","","10.570262930585162","10.570262930585162","0.0","1.0","3.8128933334027737","10.570262930585162","-6.757369597182389","0.3607188731673011","10.570262930585162","7.191578131993968","3.3786847985911947","1.4698113177078709","1.0","1.0","0.0","1.0","0.0130434782608696","0.0130434782608696","0.0","1.0","1.0","1.0","0.0","1.0","0.6","1.0","-0.4","0.6","1.0","0.8","0.19999999999999996","1.25","","","","","","","","","","","","","","","","","1.0","1.6","-0.6000000000000001","0.625"
"1","12","arules","differentLengthRulesNeitherDisjunctNorSubsumingAtt","QUALITY","Rule 2 (strong preference)","arules","-2","1.0","2.0","-1.0","0.5","7","7","0","1.0","7","7","0","1.0","19","48","-29","0.3958333333333333","19","29","-10","0.6551724137931034","19","24","-5","0.7916666666666666","19","19","0","1.0","0.0","5.0","-5.0","0.0","0.0","0.0","","10.570262930585162","10.570262930585162","0.0","1.0","3.8128933334027737","10.570262930585162","-6.757369597182389","0.3607188731673011","10.570262930585162","7.191578131993968","3.3786847985911947","1.4698113177078709","1.0","1.0","0.0","1.0","0.0130434782608696","0.0130434782608696","0.0","1.0","1.0","1.0","0.0","1.0","0.6","1.0","-0.4","0.6","1.0","0.8","0.19999999999999996","1.25","","","","","","","","","","","","","","","","","1.0","1.6","-0.6000000000000001","0.625"
"2","12","arules","differentLengthRulesNeitherDisjunctNorSubsumingAtt","QUALITY","Rule 2 (strong preference)","arules","-2","1.0","2.0","-1.0","0.5","6","7","-1","0.8571428571428571","7","6","1","1.1666666666666667","46","48","-2","0.9583333333333334","46","29","17","1.5862068965517242","46","24","22","1.9166666666666667","19","46","-27","0.41304347826086957","0.0","5.0","-5.0","0.0","0.0","0.0","","4.357685076749046","10.570262930585162","-6.212577853836116","0.412258910243381","3.8128933334027737","4.357685076749046","-0.5447917433462726","0.8749813871926921","4.357685076749046","7.191578131993968","-2.8338930552449213","0.6059428121016348","1.0","1.0","0.0","1.0","0.0130434782608696","0.0130434782608696","0.0","1.0","0.0","1.0","-1.0","0.0","0.6","0.0","0.6","","0.0","0.8","-0.8","0.0","","","","","","","","","","","","","","","","","0.0","1.6","-1.6","0.0"
"2","12","arules","differentLengthRulesNeitherDisjunctNorSubsumingAtt","QUALITY","Rule 2 (strong preference)","arules","-2","1.0","2.0","-1.0","0.5","6","7","-1","0.8571428571428571","7","6","1","1.1666666666666667","46","48","-2","0.9583333333333334","46","29","17","1.5862068965517242","46","24","22","1.9166666666666667","19","46","-27","0.41304347826086957","0.0","5.0","-5.0","0.0","0.0","0.0","","4.357685076749046","10.570262930585162","-6.212577853836116","0.412258910243381","3.8128933334027737","4.357685076749046","-0.5447917433462726","0.8749813871926921","4.357685076749046","7.191578131993968","-2.8338930552449213","0.6059428121016348","1.0","1.0","0.0","1.0","0.0130434782608696","0.0130434782608696","0.0","1.0","0.0","1.0","-1.0","0.0","0.6","0.0","0.6","","0.0","0.8","-0.8","0.0","","","","","","","","","","","","","","","","","0.0","1.6","-1.6","0.0"
"2","12","arules","differentLengthRulesNeitherDisjunctNorSubsumingAtt","QUALITY","Rule 2 (weak preference)","arules","-1","1.0","2.0","-1.0","0.5","6","7","-1","0.8571428571428571","7","6","1","1.1666666666666667","46","48","-2","0.9583333333333334","46","29","17","1.5862068965517242","46","24","22","1.9166666666666667","19","46","-27","0.41304347826086957","0.0","5.0","-5.0","0.0","0.0","0.0","","4.357685076749046","10.570262930585162","-6.212577853836116","0.412258910243381","3.8128933334027737","4.357685076749046","-0.5447917433462726","0.8749813871926921","4.357685076749046","7.191578131993968","-2.8338930552449213","0.6059428121016348","1.0","1.0","0.0","1.0","0.0130434782608696","0.0130434782608696","0.0","1.0","0.0","1.0","-1.0","0.0","0.6","0.0","0.6","","0.0","0.8","-0.8","0.0","","","","","","","","","","","","","","","","","0.0","1.6","-1.6","0.0"
"2","12","arules","differentLengthRulesNeitherDisjunctNorSubsumingAtt","QUALITY","Rule 2 (weak preference)","arules","-1","1.0","2.0","-1.0","0.5","6","7","-1","0.8571428571428571","7","6","1","1.1666666666666667","46","48","-2","0.9583333333333334","46","29","17","1.5862068965517242","46","24","22","1.9166666666666667","19","46","-27","0.41304347826086957","0.0","5.0","-5.0","0.0","0.0","0.0","","4.357685076749046","10.570262930585162","-6.212577853836116","0.412258910243381","3.8128933334027737","4.357685076749046","-0.5447917433462726","0.8749813871926921","4.357685076749046","7.191578131993968","-2.8338930552449213","0.6059428121016348","1.0","1.0","0.0","1.0","0.0130434782608696","0.0130434782608696","0.0","1.0","0.0","1.0","-1.0","0.0","0.6","0.0","0.6","","0.0","0.8","-0.8","0.0","","","","","","","","","","","","","","","","","0.0","1.6","-1.6","0.0"
"2","12","arules","differentLengthRulesNeitherDisjunctNorSubsumingAtt","QUALITY","Rule 2 (weak preference)","arules","-1","1.0","2.0","-1.0","0.5","6","7","-1","0.8571428571428571","7","6","1","1.1666666666666667","46","48","-2","0.9583333333333334","46","29","17","1.5862068965517242","46","24","22","1.9166666666666667","19","46","-27","0.41304347826086957","0.0","5.0","-5.0","0.0","0.0","0.0","","4.357685076749046","10.570262930585162","-6.212577853836116","0.412258910243381","3.8128933334027737","4.357685076749046","-0.5447917433462726","0.8749813871926921","4.357685076749046","7.191578131993968","-2.8338930552449213","0.6059428121016348","1.0","1.0","0.0","1.0","0.0130434782608696","0.0130434782608696","0.0","1.0","0.0","1.0","-1.0","0.0","0.6","0.0","0.6","","0.0","0.8","-0.8","0.0","","","","","","","","","","","","","","","","","0.0","1.6","-1.6","0.0"
"4","14","arules","differentLengthRulesNeitherDisjunctNorSubsumingAtt","QUALITY","Rule 2 (strong preference)","arules","-2","1.0","2.0","-1.0","0.5","7","7","0","1.0","4","7","-3","0.5714285714285714","18","45","-27","0.4","18","27","-9","0.6666666666666666","18","22","-4","0.8181818181818182","18","18","0","1.0","0.0","1.0","-1.0","0.0","0.0","0.0","","1.0116953675417688","1.736639060297241","-0.7249436927554722","0.5825593761369207","1.0116953675417688","1.0116953675417688","0.0","1.0","1.0116953675417688","1.374167213919505","-0.3624718463777361","0.7362243526798561","1.0","1.0","0.0","1.0","0.0130434782608696","0.0130434782608696","0.0","1.0","0.0","0.4","-0.4","0.0","0.0","0.0","0.0","","0.0","0.2","-0.2","0.0","","","","","","","","","","","","","","","","","0.0","0.4","-0.4","0.0"
"4","14","arules","differentLengthRulesNeitherDisjunctNorSubsumingAtt","QUALITY","Rule 2 (strong preference)","arules","-2","1.0","2.0","-1.0","0.5","7","7","0","1.0","4","7","-3","0.5714285714285714","18","45","-27","0.4","18","27","-9","0.6666666666666666","18","22","-4","0.8181818181818182","18","18","0","1.0","0.0","1.0","-1.0","0.0","0.0","0.0","","1.0116953675417688","1.736639060297241","-0.7249436927554722","0.5825593761369207","1.0116953675417688","1.0116953675417688","0.0","1.0","1.0116953675417688","1.374167213919505","-0.3624718463777361","0.7362243526798561","1.0","1.0","0.0","1.0","0.0130434782608696","0.0130434782608696","0.0","1.0","0.0","0.4","-0.4","0.0","0.0","0.0","0.0","","0.0","0.2","-0.2","0.0","","","","","","","","","","","","","","","","","0.0","0.4","-0.4","0.0"
"4","14","arules","differentLengthRulesNeitherDisjunctNorSubsumingAtt","QUALITY","Rule 2 (weak preference)","arules","-1","1.0","2.0","-1.0","0.5","7","7","0","1.0","4","7","-3","0.5714285714285714","18","45","-27","0.4","18","27","-9","0.6666666666666666","18","22","-4","0.8181818181818182","18","18","0","1.0","0.0","1.0","-1.0","0.0","0.0","0.0","","1.0116953675417688","1.736639060297241","-0.7249436927554722","0.5825593761369207","1.0116953675417688","1.0116953675417688","0.0","1.0","1.0116953675417688","1.374167213919505","-0.3624718463777361","0.7362243526798561","1.0","1.0","0.0","1.0","0.0130434782608696","0.0130434782608696","0.0","1.0","0.0","0.4","-0.4","0.0","0.0","0.0","0.0","","0.0","0.2","-0.2","0.0","","","","","","","","","","","","","","","","","0.0","0.4","-0.4","0.0"
"4","14","arules","differentLengthRulesNeitherDisjunctNorSubsumingAtt","QUALITY","No preference","arules","0","1.0","2.0","-1.0","0.5","7","7","0","1.0","4","7","-3","0.5714285714285714","18","45","-27","0.4","18","27","-9","0.6666666666666666","18","22","-4","0.8181818181818182","18","18","0","1.0","0.0","1.0","-1.0","0.0","0.0","0.0","","1.0116953675417688","1.736639060297241","-0.7249436927554722","0.5825593761369207","1.0116953675417688","1.0116953675417688","0.0","1.0","1.0116953675417688","1.374167213919505","-0.3624718463777361","0.7362243526798561","1.0","1.0","0.0","1.0","0.0130434782608696","0.0130434782608696","0.0","1.0","0.0","0.4","-0.4","0.0","0.0","0.0","0.0","","0.0","0.2","-0.2","0.0","","","","","","","","","","","","","","","","","0.0","0.4","-0.4","0.0"
"4","14","arules","differentLengthRulesNeitherDisjunctNorSubsumingAtt","QUALITY","Rule 1 (weak preference)","arules","1","1.0","2.0","-1.0","0.5","7","7","0","1.0","4","7","-3","0.5714285714285714","18","45","-27","0.4","18","27","-9","0.6666666666666666","18","22","-4","0.8181818181818182","18","18","0","1.0","0.0","1.0","-1.0","0.0","0.0","0.0","","1.0116953675417688","1.736639060297241","-0.7249436927554722","0.5825593761369207","1.0116953675417688","1.0116953675417688","0.0","1.0","1.0116953675417688","1.374167213919505","-0.3624718463777361","0.7362243526798561","1.0","1.0","0.0","1.0","0.0130434782608696","0.0130434782608696","0.0","1.0","0.0","0.4","-0.4","0.0","0.0","0.0","0.0","","0.0","0.2","-0.2","0.0","","","","","","","","","","","","","","","","","0.0","0.4","-0.4","0.0"
"5","15","arules","differentLengthRulesNeitherDisjunctNorSubsumingAtt","QUALITY","Rule 2 (strong preference)","arules","-2","1.0","2.0","-1.0","0.5","7","7","0","1.0","7","7","0","1.0","25","44","-19","0.5681818181818182","25","25","0","1.0","25","22","3","1.1363636363636365","19","25","-6","0.76","0.0","1.0","-1.0","0.0","0.0","0.0","","2.6324880205052086","2.6324880205052086","0.0","1.0","0.3997142695378936","2.6324880205052086","-2.232773750967315","0.15183896998748098","2.6324880205052086","1.5161011450215511","1.1163868754836574","1.7363538238524239","1.0","1.0","0.0","1.0","0.0217391304347826","0.0173913043478261","0.0043478260869565","1.2499999999999984","-0.6","0.6","-1.2","-1.0","-0.6","-0.6","0.0","1.0","-0.6","0.0","-0.6","-inf","","","","","","","","","","","","","","","","","-0.6","0.0","-0.6","-inf"
"5","15","arules","differentLengthRulesNeitherDisjunctNorSubsumingAtt","QUALITY","Rule 2 (strong preference)","arules","-2","1.0","2.0","-1.0","0.5","7","7","0","1.0","7","7","0","1.0","25","44","-19","0.5681818181818182","25","25","0","1.0","25","22","3","1.1363636363636365","19","25","-6","0.76","0.0","1.0","-1.0","0.0","0.0","0.0","","2.6324880205052086","2.6324880205052086","0.0","1.0","0.3997142695378936","2.6324880205052086","-2.232773750967315","0.15183896998748098","2.6324880205052086","1.5161011450215511","1.1163868754836574","1.7363538238524239","1.0","1.0","0.0","1.0","0.0217391304347826","0.0173913043478261","0.0043478260869565","1.2499999999999984","-0.6","0.6","-1.2","-1.0","-0.6","-0.6","0.0","1.0","-0.6","0.0","-0.6","-inf","","","","","","","","","","","","","","","","","-0.6","0.0","-0.6","-inf"
"5","15","arules","differentLengthRulesNeitherDisjunctNorSubsumingAtt","QUALITY","No preference","arules","0","1.0","2.0","-1.0","0.5","7","7","0","1.0","7","7","0","1.0","25","44","-19","0.5681818181818182","25","25","0","1.0","25","22","3","1.1363636363636365","19","25","-6","0.76","0.0","1.0","-1.0","0.0","0.0","0.0","","2.6324880205052086","2.6324880205052086","0.0","1.0","0.3997142695378936","2.6324880205052086","-2.232773750967315","0.15183896998748098","2.6324880205052086","1.5161011450215511","1.1163868754836574","1.7363538238524239","1.0","1.0","0.0","1.0","0.0217391304347826","0.0173913043478261","0.0043478260869565","1.2499999999999984","-0.6","0.6","-1.2","-1.0","-0.6","-0.6","0.0","1.0","-0.6","0.0","-0.6","-inf","","","","","","","","","","","","","","","","","-0.6","0.0","-0.6","-inf"
"5","15","arules","differentLengthRulesNeitherDisjunctNorSubsumingAtt","QUALITY","Rule 1 (weak preference)","arules","1","1.0","2.0","-1.0","0.5","7","7","0","1.0","7","7","0","1.0","25","44","-19","0.5681818181818182","25","25","0","1.0","25","22","3","1.1363636363636365","19","25","-6","0.76","0.0","1.0","-1.0","0.0","0.0","0.0","","2.6324880205052086","2.6324880205052086","0.0","1.0","0.3997142695378936","2.6324880205052086","-2.232773750967315","0.15183896998748098","2.6324880205052086","1.5161011450215511","1.1163868754836574","1.7363538238524239","1.0","1.0","0.0","1.0","0.0217391304347826","0.0173913043478261","0.0043478260869565","1.2499999999999984","-0.6","0.6","-1.2","-1.0","-0.6","-0.6","0.0","1.0","-0.6","0.0","-0.6","-inf","","","","","","","","","","","","","","","","","-0.6","0.0","-0.6","-inf"
"5","15","arules","differentLengthRulesNeitherDisjunctNorSubsumingAtt","QUALITY","Rule 2 (strong preference)","arules","-2","1.0","2.0","-1.0","0.5","7","7","0","1.0","7","7","0","1.0","25","44","-19","0.5681818181818182","25","25","0","1.0","25","22","3","1.1363636363636365","19","25","-6","0.76","0.0","1.0","-1.0","0.0","0.0","0.0","","2.6324880205052086","2.6324880205052086","0.0","1.0","0.3997142695378936","2.6324880205052086","-2.232773750967315","0.15183896998748098","2.6324880205052086","1.5161011450215511","1.1163868754836574","1.7363538238524239","1.0","1.0","0.0","1.0","0.0217391304347826","0.0173913043478261","0.0043478260869565","1.2499999999999984","-0.6","0.6","-1.2","-1.0","-0.6","-0.6","0.0","1.0","-0.6","0.0","-0.6","-inf","","","","","","","","","","","","","","","","","-0.6","0.0","-0.6","-inf"
"7","15","arules","differentLengthRulesNeitherDisjunctNorSubsumingAtt","QUALITY","No preference","arules","0","1.0","2.0","-1.0","0.5","7","7","0","1.0","7","7","0","1.0","19","44","-25","0.4318181818181818","19","25","-6","0.76","19","22","-3","0.8636363636363636","19","19","0","1.0","0.0","1.0","-1.0","0.0","0.0","0.0","","0.3997142695378936","2.6324880205052086","-2.232773750967315","0.15183896998748098","0.3997142695378936","0.3997142695378936","0.0","1.0","0.3997142695378936","1.5161011450215511","-1.1163868754836574","0.263646176147576","1.0","1.0","0.0","1.0","0.0217391304347826","0.0173913043478261","0.0043478260869565","1.2499999999999984","0.6","0.6","0.0","1.0","-0.6","0.6","-1.2","-1.0","0.6","0.0","0.6","","","","","","","","","","","","","","","","","","0.6","0.0","0.6",""
"7","15","arules","differentLengthRulesNeitherDisjunctNorSubsumingAtt","QUALITY","No preference","arules","0","1.0","2.0","-1.0","0.5","7","7","0","1.0","7","7","0","1.0","19","44","-25","0.4318181818181818","19","25","-6","0.76","19","22","-3","0.8636363636363636","19","19","0","1.0","0.0","1.0","-1.0","0.0","0.0","0.0","","0.3997142695378936","2.6324880205052086","-2.232773750967315","0.15183896998748098","0.3997142695378936","0.3997142695378936","0.0","1.0","0.3997142695378936","1.5161011450215511","-1.1163868754836574","0.263646176147576","1.0","1.0","0.0","1.0","0.0217391304347826","0.0173913043478261","0.0043478260869565","1.2499999999999984","0.6","0.6","0.0","1.0","-0.6","0.6","-1.2","-1.0","0.6","0.0","0.6","","","","","","","","","","","","","","","","","","0.6","0.0","0.6",""
"7","15","arules","differentLengthRulesNeitherDisjunctNorSubsumingAtt","QUALITY","Rule 2 (weak preference)","arules","-1","1.0","2.0","-1.0","0.5","7","7","0","1.0","7","7","0","1.0","19","44","-25","0.4318181818181818","19","25","-6","0.76","19","22","-3","0.8636363636363636","19","19","0","1.0","0.0","1.0","-1.0","0.0","0.0","0.0","","0.3997142695378936","2.6324880205052086","-2.232773750967315","0.15183896998748098","0.3997142695378936","0.3997142695378936","0.0","1.0","0.3997142695378936","1.5161011450215511","-1.1163868754836574","0.263646176147576","1.0","1.0","0.0","1.0","0.0217391304347826","0.0173913043478261","0.0043478260869565","1.2499999999999984","0.6","0.6","0.0","1.0","-0.6","0.6","-1.2","-1.0","0.6","0.0","0.6","","","","","","","","","","","","","","","","","","0.6","0.0","0.6",""
"7","15","arules","differentLengthRulesNeitherDisjunctNorSubsumingAtt","QUALITY","No preference","arules","0","1.0","2.0","-1.0","0.5","7","7","0","1.0","7","7","0","1.0","19","44","-25","0.4318181818181818","19","25","-6","0.76","19","22","-3","0.8636363636363636","19","19","0","1.0","0.0","1.0","-1.0","0.0","0.0","0.0","","0.3997142695378936","2.6324880205052086","-2.232773750967315","0.15183896998748098","0.3997142695378936","0.3997142695378936","0.0","1.0","0.3997142695378936","1.5161011450215511","-1.1163868754836574","0.263646176147576","1.0","1.0","0.0","1.0","0.0217391304347826","0.0173913043478261","0.0043478260869565","1.2499999999999984","0.6","0.6","0.0","1.0","-0.6","0.6","-1.2","-1.0","0.6","0.0","0.6","","","","","","","","","","","","","","","","","","0.6","0.0","0.6",""
"7","15","arules","differentLengthRulesNeitherDisjunctNorSubsumingAtt","QUALITY","Rule 2 (weak preference)","arules","-1","1.0","2.0","-1.0","0.5","7","7","0","1.0","7","7","0","1.0","19","44","-25","0.4318181818181818","19","25","-6","0.76","19","22","-3","0.8636363636363636","19","19","0","1.0","0.0","1.0","-1.0","0.0","0.0","0.0","","0.3997142695378936","2.6324880205052086","-2.232773750967315","0.15183896998748098","0.3997142695378936","0.3997142695378936","0.0","1.0","0.3997142695378936","1.5161011450215511","-1.1163868754836574","0.263646176147576","1.0","1.0","0.0","1.0","0.0217391304347826","0.0173913043478261","0.0043478260869565","1.2499999999999984","0.6","0.6","0.0","1.0","-0.6","0.6","-1.2","-1.0","0.6","0.0","0.6","","","","","","","","","","","","","","","","","","0.6","0.0","0.6",""
"12","0","arules","differentLengthRulesNeitherDisjunctNorSubsumingAtt","QUALITY","Rule 1 (strong preference)","arules","2","2.0","1.0","1.0","2.0","7","7","0","1.0","7","7","0","1.0","48","29","19","1.6551724137931034","29","29","0","1.0","24","29","-5","0.8275862068965517","29","19","10","1.5263157894736843","5.0","0.0","5.0","","5.0","0.0","1.0","10.570262930585162","3.8128933334027737","6.757369597182389","2.772241971204542","3.8128933334027737","3.8128933334027737","0.0","1.0","7.191578131993968","3.8128933334027737","3.378684798591194","1.886120985602271","1.0","1.0","0.0","1.0","0.0130434782608696","0.0130434782608696","0.0","1.0","1.0","0.6","0.4","1.6666666666666667","0.6","0.6","0.0","1.0","0.8","0.6","0.20000000000000007","1.3333333333333335","","","","","","","","","","","","","","","","","1.6","0.6","1.0","2.666666666666667"
"12","0","arules","differentLengthRulesNeitherDisjunctNorSubsumingAtt","QUALITY","Rule 1 (weak preference)","arules","1","2.0","1.0","1.0","2.0","7","7","0","1.0","7","7","0","1.0","48","29","19","1.6551724137931034","29","29","0","1.0","24","29","-5","0.8275862068965517","29","19","10","1.5263157894736843","5.0","0.0","5.0","","5.0","0.0","1.0","10.570262930585162","3.8128933334027737","6.757369597182389","2.772241971204542","3.8128933334027737","3.8128933334027737","0.0","1.0","7.191578131993968","3.8128933334027737","3.378684798591194","1.886120985602271","1.0","1.0","0.0","1.0","0.0130434782608696","0.0130434782608696","0.0","1.0","1.0","0.6","0.4","1.6666666666666667","0.6","0.6","0.0","1.0","0.8","0.6","0.20000000000000007","1.3333333333333335","","","","","","","","","","","","","","","","","1.6","0.6","1.0","2.666666666666667"
"12","0","arules","differentLengthRulesNeitherDisjunctNorSubsumingAtt","QUALITY","Rule 2 (weak preference)","arules","-1","2.0","1.0","1.0","2.0","7","7","0","1.0","7","7","0","1.0","48","29","19","1.6551724137931034","29","29","0","1.0","24","29","-5","0.8275862068965517","29","19","10","1.5263157894736843","5.0","0.0","5.0","","5.0","0.0","1.0","10.570262930585162","3.8128933334027737","6.757369597182389","2.772241971204542","3.8128933334027737","3.8128933334027737","0.0","1.0","7.191578131993968","3.8128933334027737","3.378684798591194","1.886120985602271","1.0","1.0","0.0","1.0","0.0130434782608696","0.0130434782608696","0.0","1.0","1.0","0.6","0.4","1.6666666666666667","0.6","0.6","0.0","1.0","0.8","0.6","0.20000000000000007","1.3333333333333335","","","","","","","","","","","","","","","","","1.6","0.6","1.0","2.666666666666667"
"12","0","arules","differentLengthRulesNeitherDisjunctNorSubsumingAtt","QUALITY","No preference","arules","0","2.0","1.0","1.0","2.0","7","7","0","1.0","7","7","0","1.0","48","29","19","1.6551724137931034","29","29","0","1.0","24","29","-5","0.8275862068965517","29","19","10","1.5263157894736843","5.0","0.0","5.0","","5.0","0.0","1.0","10.570262930585162","3.8128933334027737","6.757369597182389","2.772241971204542","3.8128933334027737","3.8128933334027737","0.0","1.0","7.191578131993968","3.8128933334027737","3.378684798591194","1.886120985602271","1.0","1.0","0.0","1.0","0.0130434782608696","0.0130434782608696","0.0","1.0","1.0","0.6","0.4","1.6666666666666667","0.6","0.6","0.0","1.0","0.8","0.6","0.20000000000000007","1.3333333333333335","","","","","","","","","","","","","","","","","1.6","0.6","1.0","2.666666666666667"
"12","0","arules","differentLengthRulesNeitherDisjunctNorSubsumingAtt","QUALITY","Rule 1 (strong preference)","arules","2","2.0","1.0","1.0","2.0","7","7","0","1.0","7","7","0","1.0","48","29","19","1.6551724137931034","29","29","0","1.0","24","29","-5","0.8275862068965517","29","19","10","1.5263157894736843","5.0","0.0","5.0","","5.0","0.0","1.0","10.570262930585162","3.8128933334027737","6.757369597182389","2.772241971204542","3.8128933334027737","3.8128933334027737","0.0","1.0","7.191578131993968","3.8128933334027737","3.378684798591194","1.886120985602271","1.0","1.0","0.0","1.0","0.0130434782608696","0.0130434782608696","0.0","1.0","1.0","0.6","0.4","1.6666666666666667","0.6","0.6","0.0","1.0","0.8","0.6","0.20000000000000007","1.3333333333333335","","","","","","","","","","","","","","","","","1.6","0.6","1.0","2.666666666666667"
"14","3","arules","differentLengthRulesNeitherDisjunctNorSubsumingAtt","QUALITY","No preference","arules","0","2.0","1.0","1.0","2.0","7","4","3","1.75","4","4","0","1.0","45","27","18","1.6666666666666667","27","27","0","1.0","22","27","-5","0.8148148148148148","27","18","9","1.5","1.0","0.0","1.0","","4.0","0.0","1.0","1.736639060297241","1.736639060297241","0.0","1.0","1.736639060297241","1.0116953675417688","0.7249436927554722","1.716563222501404","1.374167213919505","1.736639060297241","-0.3624718463777361","0.7912796880684603","1.0","1.0","0.0","1.0","0.0130434782608696","0.0130434782608696","0.0","1.0","0.4","0.4","0.0","1.0","0.4","0.0","0.4","","0.2","0.4","-0.2","0.5","","","","","","","","","","","","","","","","","0.4","0.4","0.0","1.0"
"14","3","arules","differentLengthRulesNeitherDisjunctNorSubsumingAtt","QUALITY","Rule 1 (weak preference)","arules","1","2.0","1.0","1.0","2.0","7","4","3","1.75","4","4","0","1.0","45","27","18","1.6666666666666667","27","27","0","1.0","22","27","-5","0.8148148148148148","27","18","9","1.5","1.0","0.0","1.0","","4.0","0.0","1.0","1.736639060297241","1.736639060297241","0.0","1.0","1.736639060297241","1.0116953675417688","0.7249436927554722","1.716563222501404","1.374167213919505","1.736639060297241","-0.3624718463777361","0.7912796880684603","1.0","1.0","0.0","1.0","0.0130434782608696","0.0130434782608696","0.0","1.0","0.4","0.4","0.0","1.0","0.4","0.0","0.4","","0.2","0.4","-0.2","0.5","","","","","","","","","","","","","","","","","0.4","0.4","0.0","1.0"
"14","3","arules","differentLengthRulesNeitherDisjunctNorSubsumingAtt","QUALITY","Rule 2 (weak preference)","arules","-1","2.0","1.0","1.0","2.0","7","4","3","1.75","4","4","0","1.0","45","27","18","1.6666666666666667","27","27","0","1.0","22","27","-5","0.8148148148148148","27","18","9","1.5","1.0","0.0","1.0","","4.0","0.0","1.0","1.736639060297241","1.736639060297241","0.0","1.0","1.736639060297241","1.0116953675417688","0.7249436927554722","1.716563222501404","1.374167213919505","1.736639060297241","-0.3624718463777361","0.7912796880684603","1.0","1.0","0.0","1.0","0.0130434782608696","0.0130434782608696","0.0","1.0","0.4","0.4","0.0","1.0","0.4","0.0","0.4","","0.2","0.4","-0.2","0.5","","","","","","","","","","","","","","","","","0.4","0.4","0.0","1.0"
"14","3","arules","differentLengthRulesNeitherDisjunctNorSubsumingAtt","QUALITY","No preference","arules","0","2.0","1.0","1.0","2.0","7","4","3","1.75","4","4","0","1.0","45","27","18","1.6666666666666667","27","27","0","1.0","22","27","-5","0.8148148148148148","27","18","9","1.5","1.0","0.0","1.0","","4.0","0.0","1.0","1.736639060297241","1.736639060297241","0.0","1.0","1.736639060297241","1.0116953675417688","0.7249436927554722","1.716563222501404","1.374167213919505","1.736639060297241","-0.3624718463777361","0.7912796880684603","1.0","1.0","0.0","1.0","0.0130434782608696","0.0130434782608696","0.0","1.0","0.4","0.4","0.0","1.0","0.4","0.0","0.4","","0.2","0.4","-0.2","0.5","","","","","","","","","","","","","","","","","0.4","0.4","0.0","1.0"
"14","3","arules","differentLengthRulesNeitherDisjunctNorSubsumingAtt","QUALITY","No preference","arules","0","2.0","1.0","1.0","2.0","7","4","3","1.75","4","4","0","1.0","45","27","18","1.6666666666666667","27","27","0","1.0","22","27","-5","0.8148148148148148","27","18","9","1.5","1.0","0.0","1.0","","4.0","0.0","1.0","1.736639060297241","1.736639060297241","0.0","1.0","1.736639060297241","1.0116953675417688","0.7249436927554722","1.716563222501404","1.374167213919505","1.736639060297241","-0.3624718463777361","0.7912796880684603","1.0","1.0","0.0","1.0","0.0130434782608696","0.0130434782608696","0.0","1.0","0.4","0.4","0.0","1.0","0.4","0.0","0.4","","0.2","0.4","-0.2","0.5","","","","","","","","","","","","","","","","","0.4","0.4","0.0","1.0"
"16","9","arules","differentLengthRulesNeitherDisjunctNorSubsumingAtt","QUALITY","No preference","arules","0","2.0","1.0","1.0","2.0","7","7","0","1.0","7","7","0","1.0","47","24","23","1.9583333333333333","24","24","0","1.0","23","24","-1","0.9583333333333334","24","23","1","1.0434782608695652","1.0","0.0","1.0","","1.0","0.0","1.0","3.594583255909282","3.594583255909282","0.0","1.0","3.594583255909282","2.7658513219790395","0.8287319339302424","1.2996299646856155","3.180217288944161","3.594583255909282","-0.41436596696512096","0.884724893689991","1.0","1.0","0.0","1.0","0.0173913043478261","0.0173913043478261","0.0","1.0","1.0","1.0","0.0","1.0","1.0","1.0","0.0","1.0","1.0","1.0","0.0","1.0","","","","","","","","","","","","","","","","","2.0","1.0","1.0","2.0"
"16","9","arules","differentLengthRulesNeitherDisjunctNorSubsumingAtt","QUALITY","Rule 2 (strong preference)","arules","-2","2.0","1.0","1.0","2.0","7","7","0","1.0","7","7","0","1.0","47","24","23","1.9583333333333333","24","24","0","1.0","23","24","-1","0.9583333333333334","24","23","1","1.0434782608695652","1.0","0.0","1.0","","1.0","0.0","1.0","3.594583255909282","3.594583255909282","0.0","1.0","3.594583255909282","2.7658513219790395","0.8287319339302424","1.2996299646856155","3.180217288944161","3.594583255909282","-0.41436596696512096","0.884724893689991","1.0","1.0","0.0","1.0","0.0173913043478261","0.0173913043478261","0.0","1.0","1.0","1.0","0.0","1.0","1.0","1.0","0.0","1.0","1.0","1.0","0.0","1.0","","","","","","","","","","","","","","","","","2.0","1.0","1.0","2.0"
"16","9","arules","differentLengthRulesNeitherDisjunctNorSubsumingAtt","QUALITY","Rule 2 (weak preference)","arules","-1","2.0","1.0","1.0","2.0","7","7","0","1.0","7","7","0","1.0","47","24","23","1.9583333333333333","24","24","0","1.0","23","24","-1","0.9583333333333334","24","23","1","1.0434782608695652","1.0","0.0","1.0","","1.0","0.0","1.0","3.594583255909282","3.594583255909282","0.0","1.0","3.594583255909282","2.7658513219790395","0.8287319339302424","1.2996299646856155","3.180217288944161","3.594583255909282","-0.41436596696512096","0.884724893689991","1.0","1.0","0.0","1.0","0.0173913043478261","0.0173913043478261","0.0","1.0","1.0","1.0","0.0","1.0","1.0","1.0","0.0","1.0","1.0","1.0","0.0","1.0","","","","","","","","","","","","","","","","","2.0","1.0","1.0","2.0"
"16","9","arules","differentLengthRulesNeitherDisjunctNorSubsumingAtt","QUALITY","No preference","arules","0","2.0","1.0","1.0","2.0","7","7","0","1.0","7","7","0","1.0","47","24","23","1.9583333333333333","24","24","0","1.0","23","24","-1","0.9583333333333334","24","23","1","1.0434782608695652","1.0","0.0","1.0","","1.0","0.0","1.0","3.594583255909282","3.594583255909282","0.0","1.0","3.594583255909282","2.7658513219790395","0.8287319339302424","1.2996299646856155","3.180217288944161","3.594583255909282","-0.41436596696512096","0.884724893689991","1.0","1.0","0.0","1.0","0.0173913043478261","0.0173913043478261","0.0","1.0","1.0","1.0","0.0","1.0","1.0","1.0","0.0","1.0","1.0","1.0","0.0","1.0","","","","","","","","","","","","","","","","","2.0","1.0","1.0","2.0"
"16","9","arules","differentLengthRulesNeitherDisjunctNorSubsumingAtt","QUALITY","No preference","arules","0","2.0","1.0","1.0","2.0","7","7","0","1.0","7","7","0","1.0","47","24","23","1.9583333333333333","24","24","0","1.0","23","24","-1","0.9583333333333334","24","23","1","1.0434782608695652","1.0","0.0","1.0","","1.0","0.0","1.0","3.594583255909282","3.594583255909282","0.0","1.0","3.594583255909282","2.7658513219790395","0.8287319339302424","1.2996299646856155","3.180217288944161","3.594583255909282","-0.41436596696512096","0.884724893689991","1.0","1.0","0.0","1.0","0.0173913043478261","0.0173913043478261","0.0","1.0","1.0","1.0","0.0","1.0","1.0","1.0","0.0","1.0","1.0","1.0","0.0","1.0","","","","","","","","","","","","","","","","","2.0","1.0","1.0","2.0"
"16","11","arules","differentLengthRulesNeitherDisjunctNorSubsumingAtt","QUALITY","Rule 1 (strong preference)","arules","2","2.0","1.0","1.0","2.0","7","7","0","1.0","7","7","0","1.0","47","23","24","2.0434782608695654","24","23","1","1.0434782608695652","23","23","0","1.0","23","23","0","1.0","1.0","0.0","1.0","","1.0","0.0","1.0","3.594583255909282","2.7658513219790395","0.8287319339302424","1.2996299646856155","2.7658513219790395","2.7658513219790395","0.0","1.0","3.180217288944161","2.7658513219790395","0.4143659669651214","1.1498149823428079","1.0","1.0","0.0","1.0","0.0173913043478261","0.0217391304347826","-0.0043478260869565","0.8000000000000009","1.0","1.0","0.0","1.0","1.0","1.0","0.0","1.0","1.0","1.0","0.0","1.0","","","","","","","","","","","","","","","","","2.0","1.0","1.0","2.0"
"16","11","arules","differentLengthRulesNeitherDisjunctNorSubsumingAtt","QUALITY","Rule 1 (strong preference)","arules","2","2.0","1.0","1.0","2.0","7","7","0","1.0","7","7","0","1.0","47","23","24","2.0434782608695654","24","23","1","1.0434782608695652","23","23","0","1.0","23","23","0","1.0","1.0","0.0","1.0","","1.0","0.0","1.0","3.594583255909282","2.7658513219790395","0.8287319339302424","1.2996299646856155","2.7658513219790395","2.7658513219790395","0.0","1.0","3.180217288944161","2.7658513219790395","0.4143659669651214","1.1498149823428079","1.0","1.0","0.0","1.0","0.0173913043478261","0.0217391304347826","-0.0043478260869565","0.8000000000000009","1.0","1.0","0.0","1.0","1.0","1.0","0.0","1.0","1.0","1.0","0.0","1.0","","","","","","","","","","","","","","","","","2.0","1.0","1.0","2.0"
"16","11","arules","differentLengthRulesNeitherDisjunctNorSubsumingAtt","QUALITY","Rule 1 (weak preference)","arules","1","2.0","1.0","1.0","2.0","7","7","0","1.0","7","7","0","1.0","47","23","24","2.0434782608695654","24","23","1","1.0434782608695652","23","23","0","1.0","23","23","0","1.0","1.0","0.0","1.0","","1.0","0.0","1.0","3.594583255909282","2.7658513219790395","0.8287319339302424","1.2996299646856155","2.7658513219790395","2.7658513219790395","0.0","1.0","3.180217288944161","2.7658513219790395","0.4143659669651214","1.1498149823428079","1.0","1.0","0.0","1.0","0.0173913043478261","0.0217391304347826","-0.0043478260869565","0.8000000000000009","1.0","1.0","0.0","1.0","1.0","1.0","0.0","1.0","1.0","1.0","0.0","1.0","","","","","","","","","","","","","","","","","2.0","1.0","1.0","2.0"
"16","11","arules","differentLengthRulesNeitherDisjunctNorSubsumingAtt","QUALITY","Rule 1 (weak preference)","arules","1","2.0","1.0","1.0","2.0","7","7","0","1.0","7","7","0","1.0","47","23","24","2.0434782608695654","24","23","1","1.0434782608695652","23","23","0","1.0","23","23","0","1.0","1.0","0.0","1.0","","1.0","0.0","1.0","3.594583255909282","2.7658513219790395","0.8287319339302424","1.2996299646856155","2.7658513219790395","2.7658513219790395","0.0","1.0","3.180217288944161","2.7658513219790395","0.4143659669651214","1.1498149823428079","1.0","1.0","0.0","1.0","0.0173913043478261","0.0217391304347826","-0.0043478260869565","0.8000000000000009","1.0","1.0","0.0","1.0","1.0","1.0","0.0","1.0","1.0","1.0","0.0","1.0","","","","","","","","","","","","","","","","","2.0","1.0","1.0","2.0"
"16","11","arules","differentLengthRulesNeitherDisjunctNorSubsumingAtt","QUALITY","Rule 1 (weak preference)","arules","1","2.0","1.0","1.0","2.0","7","7","0","1.0","7","7","0","1.0","47","23","24","2.0434782608695654","24","23","1","1.0434782608695652","23","23","0","1.0","23","23","0","1.0","1.0","0.0","1.0","","1.0","0.0","1.0","3.594583255909282","2.7658513219790395","0.8287319339302424","1.2996299646856155","2.7658513219790395","2.7658513219790395","0.0","1.0","3.180217288944161","2.7658513219790395","0.4143659669651214","1.1498149823428079","1.0","1.0","0.0","1.0","0.0173913043478261","0.0217391304347826","-0.0043478260869565","0.8000000000000009","1.0","1.0","0.0","1.0","1.0","1.0","0.0","1.0","1.0","1.0","0.0","1.0","","","","","","","","","","","","","","","","","2.0","1.0","1.0","2.0"
"25","31","arules","differentLengthRulesNeitherDisjunctNorSubsumingAtt","QUALITY","Rule 2 (strong preference)","arules","-2","1.0","2.0","-1.0","0.5","6","6","0","1.0","5","6","-1","0.8333333333333334","29","51","-22","0.5686274509803921","29","29","0","1.0","29","25","4","1.16","22","29","-7","0.7586206896551724","0.0","3.0","-3.0","0.0","0.0","0.0","","15.272036935865671","15.272036935865671","0.0","1.0","11.460748285855004","15.272036935865671","-3.811288650010667","0.7504400581261016","15.272036935865671","13.366392610860338","1.9056443250053334","1.1425698302066167","0.75","0.75","0.0","1.0","0.0130434782608696","0.0130434782608696","0.0","1.0","0.2","0.8","-0.6000000000000001","0.25","0.2","0.2","0.0","1.0","0.2","0.5","-0.3","0.4","","","","","","","","","","","","","","","","","0.2","1.0","-0.8","0.2"
"25","31","arules","differentLengthRulesNeitherDisjunctNorSubsumingAtt","QUALITY","Rule 2 (strong preference)","arules","-2","1.0","2.0","-1.0","0.5","6","6","0","1.0","5","6","-1","0.8333333333333334","29","51","-22","0.5686274509803921","29","29","0","1.0","29","25","4","1.16","22","29","-7","0.7586206896551724","0.0","3.0","-3.0","0.0","0.0","0.0","","15.272036935865671","15.272036935865671","0.0","1.0","11.460748285855004","15.272036935865671","-3.811288650010667","0.7504400581261016","15.272036935865671","13.366392610860338","1.9056443250053334","1.1425698302066167","0.75","0.75","0.0","1.0","0.0130434782608696","0.0130434782608696","0.0","1.0","0.2","0.8","-0.6000000000000001","0.25","0.2","0.2","0.0","1.0","0.2","0.5","-0.3","0.4","","","","","","","","","","","","","","","","","0.2","1.0","-0.8","0.2"
"25","31","arules","differentLengthRulesNeitherDisjunctNorSubsumingAtt","QUALITY","Rule 1 (weak preference)","arules","1","1.0","2.0","-1.0","0.5","6","6","0","1.0","5","6","-1","0.8333333333333334","29","51","-22","0.5686274509803921","29","29","0","1.0","29","25","4","1.16","22","29","-7","0.7586206896551724","0.0","3.0","-3.0","0.0","0.0","0.0","","15.272036935865671","15.272036935865671","0.0","1.0","11.460748285855004","15.272036935865671","-3.811288650010667","0.7504400581261016","15.272036935865671","13.366392610860338","1.9056443250053334","1.1425698302066167","0.75","0.75","0.0","1.0","0.0130434782608696","0.0130434782608696","0.0","1.0","0.2","0.8","-0.6000000000000001","0.25","0.2","0.2","0.0","1.0","0.2","0.5","-0.3","0.4","","","","","","","","","","","","","","","","","0.2","1.0","-0.8","0.2"
"25","31","arules","differentLengthRulesNeitherDisjunctNorSubsumingAtt","QUALITY","Rule 2 (weak preference)","arules","-1","1.0","2.0","-1.0","0.5","6","6","0","1.0","5","6","-1","0.8333333333333334","29","51","-22","0.5686274509803921","29","29","0","1.0","29","25","4","1.16","22","29","-7","0.7586206896551724","0.0","3.0","-3.0","0.0","0.0","0.0","","15.272036935865671","15.272036935865671","0.0","1.0","11.460748285855004","15.272036935865671","-3.811288650010667","0.7504400581261016","15.272036935865671","13.366392610860338","1.9056443250053334","1.1425698302066167","0.75","0.75","0.0","1.0","0.0130434782608696","0.0130434782608696","0.0","1.0","0.2","0.8","-0.6000000000000001","0.25","0.2","0.2","0.0","1.0","0.2","0.5","-0.3","0.4","","","","","","","","","","","","","","","","","0.2","1.0","-0.8","0.2"
"25","31","arules","differentLengthRulesNeitherDisjunctNorSubsumingAtt","QUALITY","Rule 1 (strong preference)","arules","2","1.0","2.0","-1.0","0.5","6","6","0","1.0","5","6","-1","0.8333333333333334","29","51","-22","0.5686274509803921","29","29","0","1.0","29","25","4","1.16","22","29","-7","0.7586206896551724","0.0","3.0","-3.0","0.0","0.0","0.0","","15.272036935865671","15.272036935865671","0.0","1.0","11.460748285855004","15.272036935865671","-3.811288650010667","0.7504400581261016","15.272036935865671","13.366392610860338","1.9056443250053334","1.1425698302066167","0.75","0.75","0.0","1.0","0.0130434782608696","0.0130434782608696","0.0","1.0","0.2","0.8","-0.6000000000000001","0.25","0.2","0.2","0.0","1.0","0.2","0.5","-0.3","0.4","","","","","","","","","","","","","","","","","0.2","1.0","-0.8","0.2"
"26","13","arules","differentLengthRulesNeitherDisjunctNorSubsumingAtt","QUALITY","Rule 2 (strong preference)","arules","-2","1.0","2.0","-1.0","0.5","7","7","0","1.0","7","7","0","1.0","19","33","-14","0.5757575757575758","19","19","0","1.0","19","16","3","1.1875","14","19","-5","0.7368421052631579","0.0","5.0","-5.0","0.0","0.0","0.0","","3.312711493992699","14.215750141396216","-10.903038647403516","0.2330310719478738","3.312711493992699","3.312711493992699","0.0","1.0","3.312711493992699","8.764230817694457","-5.451519323701758","0.3779808591193802","0.75","1.0","-0.25","0.75","0.0130434782608696","0.0130434782608696","0.0","1.0","0.2","0.2","0.0","1.0","-0.2","0.2","-0.4","-1.0","0.2","0.0","0.2","","","","","","","","","","","","","","","","","","0.2","0.0","0.2",""
"26","13","arules","differentLengthRulesNeitherDisjunctNorSubsumingAtt","QUALITY","Rule 1 (strong preference)","arules","2","1.0","2.0","-1.0","0.5","7","7","0","1.0","7","7","0","1.0","19","33","-14","0.5757575757575758","19","19","0","1.0","19","16","3","1.1875","14","19","-5","0.7368421052631579","0.0","5.0","-5.0","0.0","0.0","0.0","","3.312711493992699","14.215750141396216","-10.903038647403516","0.2330310719478738","3.312711493992699","3.312711493992699","0.0","1.0","3.312711493992699","8.764230817694457","-5.451519323701758","0.3779808591193802","0.75","1.0","-0.25","0.75","0.0130434782608696","0.0130434782608696","0.0","1.0","0.2","0.2","0.0","1.0","-0.2","0.2","-0.4","-1.0","0.2","0.0","0.2","","","","","","","","","","","","","","","","","","0.2","0.0","0.2",""
"26","13","arules","differentLengthRulesNeitherDisjunctNorSubsumingAtt","QUALITY","Rule 2 (strong preference)","arules","-2","1.0","2.0","-1.0","0.5","7","7","0","1.0","7","7","0","1.0","19","33","-14","0.5757575757575758","19","19","0","1.0","19","16","3","1.1875","14","19","-5","0.7368421052631579","0.0","5.0","-5.0","0.0","0.0","0.0","","3.312711493992699","14.215750141396216","-10.903038647403516","0.2330310719478738","3.312711493992699","3.312711493992699","0.0","1.0","3.312711493992699","8.764230817694457","-5.451519323701758","0.3779808591193802","0.75","1.0","-0.25","0.75","0.0130434782608696","0.0130434782608696","0.0","1.0","0.2","0.2","0.0","1.0","-0.2","0.2","-0.4","-1.0","0.2","0.0","0.2","","","","","","","","","","","","","","","","","","0.2","0.0","0.2",""
"26","13","arules","differentLengthRulesNeitherDisjunctNorSubsumingAtt","QUALITY","Rule 2 (strong preference)","arules","-2","1.0","2.0","-1.0","0.5","7","7","0","1.0","7","7","0","1.0","19","33","-14","0.5757575757575758","19","19","0","1.0","19","16","3","1.1875","14","19","-5","0.7368421052631579","0.0","5.0","-5.0","0.0","0.0","0.0","","3.312711493992699","14.215750141396216","-10.903038647403516","0.2330310719478738","3.312711493992699","3.312711493992699","0.0","1.0","3.312711493992699","8.764230817694457","-5.451519323701758","0.3779808591193802","0.75","1.0","-0.25","0.75","0.0130434782608696","0.0130434782608696","0.0","1.0","0.2","0.2","0.0","1.0","-0.2","0.2","-0.4","-1.0","0.2","0.0","0.2","","","","","","","","","","","","","","","","","","0.2","0.0","0.2",""
"26","13","arules","differentLengthRulesNeitherDisjunctNorSubsumingAtt","QUALITY","Rule 2 (strong preference)","arules","-2","1.0","2.0","-1.0","0.5","7","7","0","1.0","7","7","0","1.0","19","33","-14","0.5757575757575758","19","19","0","1.0","19","16","3","1.1875","14","19","-5","0.7368421052631579","0.0","5.0","-5.0","0.0","0.0","0.0","","3.312711493992699","14.215750141396216","-10.903038647403516","0.2330310719478738","3.312711493992699","3.312711493992699","0.0","1.0","3.312711493992699","8.764230817694457","-5.451519323701758","0.3779808591193802","0.75","1.0","-0.25","0.75","0.0130434782608696","0.0130434782608696","0.0","1.0","0.2","0.2","0.0","1.0","-0.2","0.2","-0.4","-1.0","0.2","0.0","0.2","","","","","","","","","","","","","","","","","","0.2","0.0","0.2",""
"31","24","arules","differentLengthRulesNeitherDisjunctNorSubsumingAtt","QUALITY","Rule 2 (weak preference)","arules","-1","2.0","1.0","1.0","2.0","6","5","1","1.2","5","5","0","1.0","51","22","29","2.3181818181818183","29","22","7","1.3181818181818181","25","22","3","1.1363636363636365","22","22","0","1.0","3.0","0.0","3.0","","4.0","0.0","1.0","15.272036935865671","11.460748285855004","3.811288650010667","1.3325514665316056","11.460748285855004","11.460748285855004","0.0","1.0","13.366392610860338","11.460748285855004","1.9056443250053334","1.166275733265803","0.75","0.75","0.0","1.0","0.0130434782608696","0.0130434782608696","0.0","1.0","0.8","0.8","0.0","1.0","0.8","0.2","0.6000000000000001","4.0","0.5","0.8","-0.30000000000000004","0.625","","","","","","","","","","","","","","","","","1.0","0.8","0.19999999999999996","1.25"
"31","24","arules","differentLengthRulesNeitherDisjunctNorSubsumingAtt","QUALITY","No preference","arules","0","2.0","1.0","1.0","2.0","6","5","1","1.2","5","5","0","1.0","51","22","29","2.3181818181818183","29","22","7","1.3181818181818181","25","22","3","1.1363636363636365","22","22","0","1.0","3.0","0.0","3.0","","4.0","0.0","1.0","15.272036935865671","11.460748285855004","3.811288650010667","1.3325514665316056","11.460748285855004","11.460748285855004","0.0","1.0","13.366392610860338","11.460748285855004","1.9056443250053334","1.166275733265803","0.75","0.75","0.0","1.0","0.0130434782608696","0.0130434782608696","0.0","1.0","0.8","0.8","0.0","1.0","0.8","0.2","0.6000000000000001","4.0","0.5","0.8","-0.30000000000000004","0.625","","","","","","","","","","","","","","","","","1.0","0.8","0.19999999999999996","1.25"
"31","24","arules","differentLengthRulesNeitherDisjunctNorSubsumingAtt","QUALITY","Rule 2 (strong preference)","arules","-2","2.0","1.0","1.0","2.0","6","5","1","1.2","5","5","0","1.0","51","22","29","2.3181818181818183","29","22","7","1.3181818181818181","25","22","3","1.1363636363636365","22","22","0","1.0","3.0","0.0","3.0","","4.0","0.0","1.0","15.272036935865671","11.460748285855004","3.811288650010667","1.3325514665316056","11.460748285855004","11.460748285855004","0.0","1.0","13.366392610860338","11.460748285855004","1.9056443250053334","1.166275733265803","0.75","0.75","0.0","1.0","0.0130434782608696","0.0130434782608696","0.0","1.0","0.8","0.8","0.0","1.0","0.8","0.2","0.6000000000000001","4.0","0.5","0.8","-0.30000000000000004","0.625","","","","","","","","","","","","","","","","","1.0","0.8","0.19999999999999996","1.25"
"31","24","arules","differentLengthRulesNeitherDisjunctNorSubsumingAtt","QUALITY","No preference","arules","0","2.0","1.0","1.0","2.0","6","5","1","1.2","5","5","0","1.0","51","22","29","2.3181818181818183","29","22","7","1.3181818181818181","25","22","3","1.1363636363636365","22","22","0","1.0","3.0","0.0","3.0","","4.0","0.0","1.0","15.272036935865671","11.460748285855004","3.811288650010667","1.3325514665316056","11.460748285855004","11.460748285855004","0.0","1.0","13.366392610860338","11.460748285855004","1.9056443250053334","1.166275733265803","0.75","0.75","0.0","1.0","0.0130434782608696","0.0130434782608696","0.0","1.0","0.8","0.8","0.0","1.0","0.8","0.2","0.6000000000000001","4.0","0.5","0.8","-0.30000000000000004","0.625","","","","","","","","","","","","","","","","","1.0","0.8","0.19999999999999996","1.25"
"31","24","arules","differentLengthRulesNeitherDisjunctNorSubsumingAtt","QUALITY","Rule 1 (weak preference)","arules","1","2.0","1.0","1.0","2.0","6","5","1","1.2","5","5","0","1.0","51","22","29","2.3181818181818183","29","22","7","1.3181818181818181","25","22","3","1.1363636363636365","22","22","0","1.0","3.0","0.0","3.0","","4.0","0.0","1.0","15.272036935865671","11.460748285855004","3.811288650010667","1.3325514665316056","11.460748285855004","11.460748285855004","0.0","1.0","13.366392610860338","11.460748285855004","1.9056443250053334","1.166275733265803","0.75","0.75","0.0","1.0","0.0130434782608696","0.0130434782608696","0.0","1.0","0.8","0.8","0.0","1.0","0.8","0.2","0.6000000000000001","4.0","0.5","0.8","-0.30000000000000004","0.625","","","","","","","","","","","","","","","","","1.0","0.8","0.19999999999999996","1.25"
"34","23","arules","differentLengthRulesNeitherDisjunctNorSubsumingAtt","QUALITY","No preference","arules","0","1.0","2.0","-1.0","0.5","7","7","0","1.0","7","7","0","1.0","18","34","-16","0.5294117647058824","18","18","0","1.0","18","17","1","1.0588235294117647","16","18","-2","0.8888888888888888","0.0","5.0","-5.0","0.0","0.0","0.0","","3.6557697299696574","10.750726883136297","-7.094957153166639","0.3400486097088129","3.6557697299696574","3.6557697299696574","0.0","1.0","3.6557697299696574","7.203248306552978","-3.5474785765833206","0.5075168277406057","0.666666666666667","0.8","-0.13333333333333308","0.8333333333333337","0.0173913043478261","0.0173913043478261","0.0","1.0","0.2","0.8","-0.6000000000000001","0.25","0.2","0.2","0.0","1.0","0.2","0.5","-0.3","0.4","","","","","","","","","","","","","","","","","0.2","1.0","-0.8","0.2"
"34","23","arules","differentLengthRulesNeitherDisjunctNorSubsumingAtt","QUALITY","Rule 2 (weak preference)","arules","-1","1.0","2.0","-1.0","0.5","7","7","0","1.0","7","7","0","1.0","18","34","-16","0.5294117647058824","18","18","0","1.0","18","17","1","1.0588235294117647","16","18","-2","0.8888888888888888","0.0","5.0","-5.0","0.0","0.0","0.0","","3.6557697299696574","10.750726883136297","-7.094957153166639","0.3400486097088129","3.6557697299696574","3.6557697299696574","0.0","1.0","3.6557697299696574","7.203248306552978","-3.5474785765833206","0.5075168277406057","0.666666666666667","0.8","-0.13333333333333308","0.8333333333333337","0.0173913043478261","0.0173913043478261","0.0","1.0","0.2","0.8","-0.6000000000000001","0.25","0.2","0.2","0.0","1.0","0.2","0.5","-0.3","0.4","","","","","","","","","","","","","","","","","0.2","1.0","-0.8","0.2"
"34","23","arules","differentLengthRulesNeitherDisjunctNorSubsumingAtt","QUALITY","Rule 1 (weak preference)","arules","1","1.0","2.0","-1.0","0.5","7","7","0","1.0","7","7","0","1.0","18","34","-16","0.5294117647058824","18","18","0","1.0","18","17","1","1.0588235294117647","16","18","-2","0.8888888888888888","0.0","5.0","-5.0","0.0","0.0","0.0","","3.6557697299696574","10.750726883136297","-7.094957153166639","0.3400486097088129","3.6557697299696574","3.6557697299696574","0.0","1.0","3.6557697299696574","7.203248306552978","-3.5474785765833206","0.5075168277406057","0.666666666666667","0.8","-0.13333333333333308","0.8333333333333337","0.0173913043478261","0.0173913043478261","0.0","1.0","0.2","0.8","-0.6000000000000001","0.25","0.2","0.2","0.0","1.0","0.2","0.5","-0.3","0.4","","","","","","","","","","","","","","","","","0.2","1.0","-0.8","0.2"
"34","23","arules","differentLengthRulesNeitherDisjunctNorSubsumingAtt","QUALITY","No preference","arules","0","1.0","2.0","-1.0","0.5","7","7","0","1.0","7","7","0","1.0","18","34","-16","0.5294117647058824","18","18","0","1.0","18","17","1","1.0588235294117647","16","18","-2","0.8888888888888888","0.0","5.0","-5.0","0.0","0.0","0.0","","3.6557697299696574","10.750726883136297","-7.094957153166639","0.3400486097088129","3.6557697299696574","3.6557697299696574","0.0","1.0","3.6557697299696574","7.203248306552978","-3.5474785765833206","0.5075168277406057","0.666666666666667","0.8","-0.13333333333333308","0.8333333333333337","0.0173913043478261","0.0173913043478261","0.0","1.0","0.2","0.8","-0.6000000000000001","0.25","0.2","0.2","0.0","1.0","0.2","0.5","-0.3","0.4","","","","","","","","","","","","","","","","","0.2","1.0","-0.8","0.2"
"34","23","arules","differentLengthRulesNeitherDisjunctNorSubsumingAtt","QUALITY","No preference","arules","0","1.0","2.0","-1.0","0.5","7","7","0","1.0","7","7","0","1.0","18","34","-16","0.5294117647058824","18","18","0","1.0","18","17","1","1.0588235294117647","16","18","-2","0.8888888888888888","0.0","5.0","-5.0","0.0","0.0","0.0","","3.6557697299696574","10.750726883136297","-7.094957153166639","0.3400486097088129","3.6557697299696574","3.6557697299696574","0.0","1.0","3.6557697299696574","7.203248306552978","-3.5474785765833206","0.5075168277406057","0.666666666666667","0.8","-0.13333333333333308","0.8333333333333337","0.0173913043478261","0.0173913043478261","0.0","1.0","0.2","0.8","-0.6000000000000001","0.25","0.2","0.2","0.0","1.0","0.2","0.5","-0.3","0.4","","","","","","","","","","","","","","","","","0.2","1.0","-0.8","0.2"
"58505","22805","InvertedHeuristics","differentLengthRulesNeitherDisjunctNorSubsumingAtt","QUALITY","No preference","dfInvertedHeuristics","0","1.0","2.0","-1.0","0.5","7","7","0","1.0","7","7","0","1.0","25","34","-9","0.7352941176470589","25","18","7","1.3888888888888888","25","17","8","1.4705882352941178","16","25","-9","0.64","0.0","5.0","-5.0","0.0","0.0","0.0","","1.1551477918012123","10.750726883136297","-9.595579091335084","0.10744834320116431","3.6557697299696574","1.1551477918012123","2.500621938168445","3.1647636396977794","1.1551477918012123","7.203248306552978","-6.0481005147517655","0.1603648441148898","1.0","0.8","0.19999999999999996","1.25","","","","","0.0","0.8","-0.8","0.0","0.2","0.0","0.2","","0.0","0.5","-0.5","0.0","","","","","","","","","","","","","","","","","0.0","1.0","-1.0","0.0"
"58505","22805","InvertedHeuristics","differentLengthRulesNeitherDisjunctNorSubsumingAtt","QUALITY","No preference","dfInvertedHeuristics","0","1.0","2.0","-1.0","0.5","7","7","0","1.0","7","7","0","1.0","25","34","-9","0.7352941176470589","25","18","7","1.3888888888888888","25","17","8","1.4705882352941178","16","25","-9","0.64","0.0","5.0","-5.0","0.0","0.0","0.0","","1.1551477918012123","10.750726883136297","-9.595579091335084","0.10744834320116431","3.6557697299696574","1.1551477918012123","2.500621938168445","3.1647636396977794","1.1551477918012123","7.203248306552978","-6.0481005147517655","0.1603648441148898","1.0","0.8","0.19999999999999996","1.25","","","","","0.0","0.8","-0.8","0.0","0.2","0.0","0.2","","0.0","0.5","-0.5","0.0","","","","","","","","","","","","","","","","","0.0","1.0","-1.0","0.0"
"58505","22805","InvertedHeuristics","differentLengthRulesNeitherDisjunctNorSubsumingAtt","QUALITY","Rule 1 (weak preference)","dfInvertedHeuristics","1","1.0","2.0","-1.0","0.5","7","7","0","1.0","7","7","0","1.0","25","34","-9","0.7352941176470589","25","18","7","1.3888888888888888","25","17","8","1.4705882352941178","16","25","-9","0.64","0.0","5.0","-5.0","0.0","0.0","0.0","","1.1551477918012123","10.750726883136297","-9.595579091335084","0.10744834320116431","3.6557697299696574","1.1551477918012123","2.500621938168445","3.1647636396977794","1.1551477918012123","7.203248306552978","-6.0481005147517655","0.1603648441148898","1.0","0.8","0.19999999999999996","1.25","","","","","0.0","0.8","-0.8","0.0","0.2","0.0","0.2","","0.0","0.5","-0.5","0.0","","","","","","","","","","","","","","","","","0.0","1.0","-1.0","0.0"
"58505","22805","InvertedHeuristics","differentLengthRulesNeitherDisjunctNorSubsumingAtt","QUALITY","Rule 2 (weak preference)","dfInvertedHeuristics","-1","1.0","2.0","-1.0","0.5","7","7","0","1.0","7","7","0","1.0","25","34","-9","0.7352941176470589","25","18","7","1.3888888888888888","25","17","8","1.4705882352941178","16","25","-9","0.64","0.0","5.0","-5.0","0.0","0.0","0.0","","1.1551477918012123","10.750726883136297","-9.595579091335084","0.10744834320116431","3.6557697299696574","1.1551477918012123","2.500621938168445","3.1647636396977794","1.1551477918012123","7.203248306552978","-6.0481005147517655","0.1603648441148898","1.0","0.8","0.19999999999999996","1.25","","","","","0.0","0.8","-0.8","0.0","0.2","0.0","0.2","","0.0","0.5","-0.5","0.0","","","","","","","","","","","","","","","","","0.0","1.0","-1.0","0.0"
"58505","22805","InvertedHeuristics","differentLengthRulesNeitherDisjunctNorSubsumingAtt","QUALITY","No preference","dfInvertedHeuristics","0","1.0","2.0","-1.0","0.5","7","7","0","1.0","7","7","0","1.0","25","34","-9","0.7352941176470589","25","18","7","1.3888888888888888","25","17","8","1.4705882352941178","16","25","-9","0.64","0.0","5.0","-5.0","0.0","0.0","0.0","","1.1551477918012123","10.750726883136297","-9.595579091335084","0.10744834320116431","3.6557697299696574","1.1551477918012123","2.500621938168445","3.1647636396977794","1.1551477918012123","7.203248306552978","-6.0481005147517655","0.1603648441148898","1.0","0.8","0.19999999999999996","1.25","","","","","0.0","0.8","-0.8","0.0","0.2","0.0","0.2","","0.0","0.5","-0.5","0.0","","","","","","","","","","","","","","","","","0.0","1.0","-1.0","0.0"
"58505","22805","InvertedHeuristics","differentLengthRulesNeitherDisjunctNorSubsumingAtt","QUALITY","Rule 1 (weak preference)","dfInvertedHeuristics","1","1.0","2.0","-1.0","0.5","7","7","0","1.0","7","7","0","1.0","25","34","-9","0.7352941176470589","25","18","7","1.3888888888888888","25","17","8","1.4705882352941178","16","25","-9","0.64","0.0","5.0","-5.0","0.0","0.0","0.0","","1.1551477918012123","10.750726883136297","-9.595579091335084","0.10744834320116431","3.6557697299696574","1.1551477918012123","2.500621938168445","3.1647636396977794","1.1551477918012123","7.203248306552978","-6.0481005147517655","0.1603648441148898","1.0","0.8","0.19999999999999996","1.25","","","","","0.0","0.8","-0.8","0.0","0.2","0.0","0.2","","0.0","0.5","-0.5","0.0","","","","","","","","","","","","","","","","","0.0","1.0","-1.0","0.0"
"60622","27465","InvertedHeuristics","differentLengthRulesNeitherDisjunctNorSubsumingAtt","QUALITY","Rule 1 (weak preference)","dfInvertedHeuristics","1","2.0","1.0","1.0","2.0","7","7","0","1.0","7","5","2","1.4","57","25","32","2.28","32","25","7","1.28","28","25","3","1.12","25","25","0","1.0","3.0","0.0","3.0","","5.0","0.0","1.0","4.413319799773982","4.413319799773982","0.0","1.0","4.413319799773982","0.2561859692173387","4.157133830556643","17.227016035487424","2.33475288449566","4.413319799773982","-2.0785669152783215","0.5290241791712509","1.0","1.0","0.0","1.0","","","","","0.4","0.2","0.2","2.0","0.2","0.2","0.0","1.0","0.30000000000000004","0.2","0.10000000000000003","1.5000000000000002","","","","","","","","","","","","","","","","","0.6000000000000001","0.2","0.4000000000000001","3.0000000000000004"
"60622","27465","InvertedHeuristics","differentLengthRulesNeitherDisjunctNorSubsumingAtt","QUALITY","Rule 2 (strong preference)","dfInvertedHeuristics","-2","2.0","1.0","1.0","2.0","7","7","0","1.0","7","5","2","1.4","57","25","32","2.28","32","25","7","1.28","28","25","3","1.12","25","25","0","1.0","3.0","0.0","3.0","","5.0","0.0","1.0","4.413319799773982","4.413319799773982","0.0","1.0","4.413319799773982","0.2561859692173387","4.157133830556643","17.227016035487424","2.33475288449566","4.413319799773982","-2.0785669152783215","0.5290241791712509","1.0","1.0","0.0","1.0","","","","","0.4","0.2","0.2","2.0","0.2","0.2","0.0","1.0","0.30000000000000004","0.2","0.10000000000000003","1.5000000000000002","","","","","","","","","","","","","","","","","0.6000000000000001","0.2","0.4000000000000001","3.0000000000000004"
"60622","27465","InvertedHeuristics","differentLengthRulesNeitherDisjunctNorSubsumingAtt","QUALITY","No preference","dfInvertedHeuristics","0","2.0","1.0","1.0","2.0","7","7","0","1.0","7","5","2","1.4","57","25","32","2.28","32","25","7","1.28","28","25","3","1.12","25","25","0","1.0","3.0","0.0","3.0","","5.0","0.0","1.0","4.413319799773982","4.413319799773982","0.0","1.0","4.413319799773982","0.2561859692173387","4.157133830556643","17.227016035487424","2.33475288449566","4.413319799773982","-2.0785669152783215","0.5290241791712509","1.0","1.0","0.0","1.0","","","","","0.4","0.2","0.2","2.0","0.2","0.2","0.0","1.0","0.30000000000000004","0.2","0.10000000000000003","1.5000000000000002","","","","","","","","","","","","","","","","","0.6000000000000001","0.2","0.4000000000000001","3.0000000000000004"
"60622","27465","InvertedHeuristics","differentLengthRulesNeitherDisjunctNorSubsumingAtt","QUALITY","Rule 1 (weak preference)","dfInvertedHeuristics","1","2.0","1.0","1.0","2.0","7","7","0","1.0","7","5","2","1.4","57","25","32","2.28","32","25","7","1.28","28","25","3","1.12","25","25","0","1.0","3.0","0.0","3.0","","5.0","0.0","1.0","4.413319799773982","4.413319799773982","0.0","1.0","4.413319799773982","0.2561859692173387","4.157133830556643","17.227016035487424","2.33475288449566","4.413319799773982","-2.0785669152783215","0.5290241791712509","1.0","1.0","0.0","1.0","","","","","0.4","0.2","0.2","2.0","0.2","0.2","0.0","1.0","0.30000000000000004","0.2","0.10000000000000003","1.5000000000000002","","","","","","","","","","","","","","","","","0.6000000000000001","0.2","0.4000000000000001","3.0000000000000004"
"60622","27465","InvertedHeuristics","differentLengthRulesNeitherDisjunctNorSubsumingAtt","QUALITY","Rule 1 (strong preference)","dfInvertedHeuristics","2","2.0","1.0","1.0","2.0","7","7","0","1.0","7","5","2","1.4","57","25","32","2.28","32","25","7","1.28","28","25","3","1.12","25","25","0","1.0","3.0","0.0","3.0","","5.0","0.0","1.0","4.413319799773982","4.413319799773982","0.0","1.0","4.413319799773982","0.2561859692173387","4.157133830556643","17.227016035487424","2.33475288449566","4.413319799773982","-2.0785669152783215","0.5290241791712509","1.0","1.0","0.0","1.0","","","","","0.4","0.2","0.2","2.0","0.2","0.2","0.0","1.0","0.30000000000000004","0.2","0.10000000000000003","1.5000000000000002","","","","","","","","","","","","","","","","","0.6000000000000001","0.2","0.4000000000000001","3.0000000000000004"
"14454","22805","InvertedHeuristics","differentLengthRulesNeitherDisjunctNorSubsumingAtt","QUALITY","Rule 2 (strong preference)","dfInvertedHeuristics","-2","1.0","2.0","-1.0","0.5","6","7","-1","0.8571428571428571","7","6","1","1.1666666666666667","22","34","-12","0.6470588235294118","22","18","4","1.2222222222222223","22","17","5","1.2941176470588236","16","22","-6","0.7272727272727273","0.0","5.0","-5.0","0.0","0.0","0.0","","0.3982750658996308","10.750726883136297","-10.352451817236666","0.03704633837590733","3.6557697299696574","0.3982750658996308","3.257494664070027","9.179007281593035","0.3982750658996308","7.203248306552978","-6.804973240653347","0.0552910366198691","1.0","0.8","0.19999999999999996","1.25","","","","","-0.2","0.8","-1.0","-0.25","0.2","-0.2","0.4","-1.0","-0.2","0.5","-0.7","-0.4","","","","","","","","","","","","","","","","","-0.2","1.0","-1.2","-0.2"
"14454","22805","InvertedHeuristics","differentLengthRulesNeitherDisjunctNorSubsumingAtt","QUALITY","Rule 2 (strong preference)","dfInvertedHeuristics","-2","1.0","2.0","-1.0","0.5","6","7","-1","0.8571428571428571","7","6","1","1.1666666666666667","22","34","-12","0.6470588235294118","22","18","4","1.2222222222222223","22","17","5","1.2941176470588236","16","22","-6","0.7272727272727273","0.0","5.0","-5.0","0.0","0.0","0.0","","0.3982750658996308","10.750726883136297","-10.352451817236666","0.03704633837590733","3.6557697299696574","0.3982750658996308","3.257494664070027","9.179007281593035","0.3982750658996308","7.203248306552978","-6.804973240653347","0.0552910366198691","1.0","0.8","0.19999999999999996","1.25","","","","","-0.2","0.8","-1.0","-0.25","0.2","-0.2","0.4","-1.0","-0.2","0.5","-0.7","-0.4","","","","","","","","","","","","","","","","","-0.2","1.0","-1.2","-0.2"
"14454","22805","InvertedHeuristics","differentLengthRulesNeitherDisjunctNorSubsumingAtt","QUALITY","Rule 2 (weak preference)","dfInvertedHeuristics","-1","1.0","2.0","-1.0","0.5","6","7","-1","0.8571428571428571","7","6","1","1.1666666666666667","22","34","-12","0.6470588235294118","22","18","4","1.2222222222222223","22","17","5","1.2941176470588236","16","22","-6","0.7272727272727273","0.0","5.0","-5.0","0.0","0.0","0.0","","0.3982750658996308","10.750726883136297","-10.352451817236666","0.03704633837590733","3.6557697299696574","0.3982750658996308","3.257494664070027","9.179007281593035","0.3982750658996308","7.203248306552978","-6.804973240653347","0.0552910366198691","1.0","0.8","0.19999999999999996","1.25","","","","","-0.2","0.8","-1.0","-0.25","0.2","-0.2","0.4","-1.0","-0.2","0.5","-0.7","-0.4","","","","","","","","","","","","","","","","","-0.2","1.0","-1.2","-0.2"
"14454","22805","InvertedHeuristics","differentLengthRulesNeitherDisjunctNorSubsumingAtt","QUALITY","No preference","dfInvertedHeuristics","0","1.0","2.0","-1.0","0.5","6","7","-1","0.8571428571428571","7","6","1","1.1666666666666667","22","34","-12","0.6470588235294118","22","18","4","1.2222222222222223","22","17","5","1.2941176470588236","16","22","-6","0.7272727272727273","0.0","5.0","-5.0","0.0","0.0","0.0","","0.3982750658996308","10.750726883136297","-10.352451817236666","0.03704633837590733","3.6557697299696574","0.3982750658996308","3.257494664070027","9.179007281593035","0.3982750658996308","7.203248306552978","-6.804973240653347","0.0552910366198691","1.0","0.8","0.19999999999999996","1.25","","","","","-0.2","0.8","-1.0","-0.25","0.2","-0.2","0.4","-1.0","-0.2","0.5","-0.7","-0.4","","","","","","","","","","","","","","","","","-0.2","1.0","-1.2","-0.2"
"14454","22805","InvertedHeuristics","differentLengthRulesNeitherDisjunctNorSubsumingAtt","QUALITY","Rule 2 (weak preference)","dfInvertedHeuristics","-1","1.0","2.0","-1.0","0.5","6","7","-1","0.8571428571428571","7","6","1","1.1666666666666667","22","34","-12","0.6470588235294118","22","18","4","1.2222222222222223","22","17","5","1.2941176470588236","16","22","-6","0.7272727272727273","0.0","5.0","-5.0","0.0","0.0","0.0","","0.3982750658996308","10.750726883136297","-10.352451817236666","0.03704633837590733","3.6557697299696574","0.3982750658996308","3.257494664070027","9.179007281593035","0.3982750658996308","7.203248306552978","-6.804973240653347","0.0552910366198691","1.0","0.8","0.19999999999999996","1.25","","","","","-0.2","0.8","-1.0","-0.25","0.2","-0.2","0.4","-1.0","-0.2","0.5","-0.7","-0.4","","","","","","","","","","","","","","","","","-0.2","1.0","-1.2","-0.2"
"20621","22105","InvertedHeuristics","differentLengthRulesNeitherDisjunctNorSubsumingAtt","QUALITY","Rule 1 (weak preference)","dfInvertedHeuristics","1","1.0","2.0","-1.0","0.5","3","7","-4","0.42857142857142855","4","3","1","1.3333333333333333","13","46","-33","0.2826086956521739","13","30","-17","0.43333333333333335","13","23","-10","0.5652173913043478","16","13","3","1.2307692307692308","0.0","2.0","-2.0","0.0","0.0","0.0","","2.0744952020370824","10.750726883136297","-8.676231681099214","0.1929632502608877","7.016360845174521","2.0744952020370824","4.941865643137438","3.382201529453863","2.0744952020370824","8.88354386415541","-6.809048662118327","0.23352113005346342","1.0","1.0","0.0","1.0","","","","","0.2","0.8","-0.6000000000000001","0.25","-0.8","0.2","-1.0","-4.0","0.2","0.0","0.2","","","","","","","","","","","","","","","","","","0.2","0.0","0.2",""
"20621","22105","InvertedHeuristics","differentLengthRulesNeitherDisjunctNorSubsumingAtt","QUALITY","Rule 2 (weak preference)","dfInvertedHeuristics","-1","1.0","2.0","-1.0","0.5","3","7","-4","0.42857142857142855","4","3","1","1.3333333333333333","13","46","-33","0.2826086956521739","13","30","-17","0.43333333333333335","13","23","-10","0.5652173913043478","16","13","3","1.2307692307692308","0.0","2.0","-2.0","0.0","0.0","0.0","","2.0744952020370824","10.750726883136297","-8.676231681099214","0.1929632502608877","7.016360845174521","2.0744952020370824","4.941865643137438","3.382201529453863","2.0744952020370824","8.88354386415541","-6.809048662118327","0.23352113005346342","1.0","1.0","0.0","1.0","","","","","0.2","0.8","-0.6000000000000001","0.25","-0.8","0.2","-1.0","-4.0","0.2","0.0","0.2","","","","","","","","","","","","","","","","","","0.2","0.0","0.2",""
"20621","22105","InvertedHeuristics","differentLengthRulesNeitherDisjunctNorSubsumingAtt","QUALITY","Rule 1 (strong preference)","dfInvertedHeuristics","2","1.0","2.0","-1.0","0.5","3","7","-4","0.42857142857142855","4","3","1","1.3333333333333333","13","46","-33","0.2826086956521739","13","30","-17","0.43333333333333335","13","23","-10","0.5652173913043478","16","13","3","1.2307692307692308","0.0","2.0","-2.0","0.0","0.0","0.0","","2.0744952020370824","10.750726883136297","-8.676231681099214","0.1929632502608877","7.016360845174521","2.0744952020370824","4.941865643137438","3.382201529453863","2.0744952020370824","8.88354386415541","-6.809048662118327","0.23352113005346342","1.0","1.0","0.0","1.0","","","","","0.2","0.8","-0.6000000000000001","0.25","-0.8","0.2","-1.0","-4.0","0.2","0.0","0.2","","","","","","","","","","","","","","","","","","0.2","0.0","0.2",""
"20621","22105","InvertedHeuristics","differentLengthRulesNeitherDisjunctNorSubsumingAtt","QUALITY","Rule 1 (weak preference)","dfInvertedHeuristics","1","1.0","2.0","-1.0","0.5","3","7","-4","0.42857142857142855","4","3","1","1.3333333333333333","13","46","-33","0.2826086956521739","13","30","-17","0.43333333333333335","13","23","-10","0.5652173913043478","16","13","3","1.2307692307692308","0.0","2.0","-2.0","0.0","0.0","0.0","","2.0744952020370824","10.750726883136297","-8.676231681099214","0.1929632502608877","7.016360845174521","2.0744952020370824","4.941865643137438","3.382201529453863","2.0744952020370824","8.88354386415541","-6.809048662118327","0.23352113005346342","1.0","1.0","0.0","1.0","","","","","0.2","0.8","-0.6000000000000001","0.25","-0.8","0.2","-1.0","-4.0","0.2","0.0","0.2","","","","","","","","","","","","","","","","","","0.2","0.0","0.2",""
"20621","22105","InvertedHeuristics","differentLengthRulesNeitherDisjunctNorSubsumingAtt","QUALITY","Rule 1 (strong preference)","dfInvertedHeuristics","2","1.0","2.0","-1.0","0.5","3","7","-4","0.42857142857142855","4","3","1","1.3333333333333333","13","46","-33","0.2826086956521739","13","30","-17","0.43333333333333335","13","23","-10","0.5652173913043478","16","13","3","1.2307692307692308","0.0","2.0","-2.0","0.0","0.0","0.0","","2.0744952020370824","10.750726883136297","-8.676231681099214","0.1929632502608877","7.016360845174521","2.0744952020370824","4.941865643137438","3.382201529453863","2.0744952020370824","8.88354386415541","-6.809048662118327","0.23352113005346342","1.0","1.0","0.0","1.0","","","","","0.2","0.8","-0.6000000000000001","0.25","-0.8","0.2","-1.0","-4.0","0.2","0.0","0.2","","","","","","","","","","","","","","","","","","0.2","0.0","0.2",""
"22105","30103","InvertedHeuristics","differentLengthRulesNeitherDisjunctNorSubsumingAtt","QUALITY","Rule 2 (weak preference)","dfInvertedHeuristics","-1","2.0","1.0","1.0","2.0","7","3","4","2.3333333333333335","3","4","-1","0.75","46","14","32","3.2857142857142856","30","14","16","2.142857142857143","23","14","9","1.6428571428571428","14","16","-2","0.875","2.0","0.0","2.0","","5.0","0.0","1.0","10.750726883136297","1.2104107256015604","9.540316157534736","8.881883360537232","1.2104107256015604","7.016360845174521","-5.805950119572961","0.1725126104986485","8.88354386415541","1.2104107256015604","7.673133138553849","7.339280523758074","1.0","1.0","0.0","1.0","","","","","0.8","1.0","-0.19999999999999996","0.8","1.0","-0.8","1.8","-1.25","0.0","1.0","-1.0","0.0","","","","","","","","","","","","","","","","","0.0","1.0","-1.0","0.0"
"22105","30103","InvertedHeuristics","differentLengthRulesNeitherDisjunctNorSubsumingAtt","QUALITY","Rule 1 (weak preference)","dfInvertedHeuristics","1","2.0","1.0","1.0","2.0","7","3","4","2.3333333333333335","3","4","-1","0.75","46","14","32","3.2857142857142856","30","14","16","2.142857142857143","23","14","9","1.6428571428571428","14","16","-2","0.875","2.0","0.0","2.0","","5.0","0.0","1.0","10.750726883136297","1.2104107256015604","9.540316157534736","8.881883360537232","1.2104107256015604","7.016360845174521","-5.805950119572961","0.1725126104986485","8.88354386415541","1.2104107256015604","7.673133138553849","7.339280523758074","1.0","1.0","0.0","1.0","","","","","0.8","1.0","-0.19999999999999996","0.8","1.0","-0.8","1.8","-1.25","0.0","1.0","-1.0","0.0","","","","","","","","","","","","","","","","","0.0","1.0","-1.0","0.0"
"22105","30103","InvertedHeuristics","differentLengthRulesNeitherDisjunctNorSubsumingAtt","QUALITY","Rule 2 (strong preference)","dfInvertedHeuristics","-2","2.0","1.0","1.0","2.0","7","3","4","2.3333333333333335","3","4","-1","0.75","46","14","32","3.2857142857142856","30","14","16","2.142857142857143","23","14","9","1.6428571428571428","14","16","-2","0.875","2.0","0.0","2.0","","5.0","0.0","1.0","10.750726883136297","1.2104107256015604","9.540316157534736","8.881883360537232","1.2104107256015604","7.016360845174521","-5.805950119572961","0.1725126104986485","8.88354386415541","1.2104107256015604","7.673133138553849","7.339280523758074","1.0","1.0","0.0","1.0","","","","","0.8","1.0","-0.19999999999999996","0.8","1.0","-0.8","1.8","-1.25","0.0","1.0","-1.0","0.0","","","","","","","","","","","","","","","","","0.0","1.0","-1.0","0.0"
"22105","30103","InvertedHeuristics","differentLengthRulesNeitherDisjunctNorSubsumingAtt","QUALITY","Rule 1 (weak preference)","dfInvertedHeuristics","1","2.0","1.0","1.0","2.0","7","3","4","2.3333333333333335","3","4","-1","0.75","46","14","32","3.2857142857142856","30","14","16","2.142857142857143","23","14","9","1.6428571428571428","14","16","-2","0.875","2.0","0.0","2.0","","5.0","0.0","1.0","10.750726883136297","1.2104107256015604","9.540316157534736","8.881883360537232","1.2104107256015604","7.016360845174521","-5.805950119572961","0.1725126104986485","8.88354386415541","1.2104107256015604","7.673133138553849","7.339280523758074","1.0","1.0","0.0","1.0","","","","","0.8","1.0","-0.19999999999999996","0.8","1.0","-0.8","1.8","-1.25","0.0","1.0","-1.0","0.0","","","","","","","","","","","","","","","","","0.0","1.0","-1.0","0.0"
"22105","30103","InvertedHeuristics","differentLengthRulesNeitherDisjunctNorSubsumingAtt","QUALITY","Rule 2 (strong preference)","dfInvertedHeuristics","-2","2.0","1.0","1.0","2.0","7","3","4","2.3333333333333335","3","4","-1","0.75","46","14","32","3.2857142857142856","30","14","16","2.142857142857143","23","14","9","1.6428571428571428","14","16","-2","0.875","2.0","0.0","2.0","","5.0","0.0","1.0","10.750726883136297","1.2104107256015604","9.540316157534736","8.881883360537232","1.2104107256015604","7.016360845174521","-5.805950119572961","0.1725126104986485","8.88354386415541","1.2104107256015604","7.673133138553849","7.339280523758074","1.0","1.0","0.0","1.0","","","","","0.8","1.0","-0.19999999999999996","0.8","1.0","-0.8","1.8","-1.25","0.0","1.0","-1.0","0.0","","","","","","","","","","","","","","","","","0.0","1.0","-1.0","0.0"
"22805","18008","InvertedHeuristics","differentLengthRulesNeitherDisjunctNorSubsumingAtt","QUALITY","Rule 1 (strong preference)","dfInvertedHeuristics","2","2.0","1.0","1.0","2.0","7","7","0","1.0","7","7","0","1.0","34","23","11","1.4782608695652173","18","23","-5","0.782608695652174","17","23","-6","0.7391304347826086","23","16","7","1.4375","5.0","0.0","5.0","","5.0","0.0","1.0","10.750726883136297","0.7970509072987054","9.95367597583759","13.488130789000305","0.7970509072987054","3.6557697299696574","-2.858718822670952","0.21802546827951358","7.203248306552978","0.7970509072987054","6.406197399254273","9.037375455685247","0.8","1.0","-0.19999999999999996","0.8","","","","","0.8","-0.2","1.0","-4.0","-0.2","0.2","-0.4","-1.0","0.5","-0.2","0.7","-2.5","","","","","","","","","","","","","","","","","1.0","-0.2","1.2","-5.0"
"22805","18008","InvertedHeuristics","differentLengthRulesNeitherDisjunctNorSubsumingAtt","QUALITY","Rule 1 (strong preference)","dfInvertedHeuristics","2","2.0","1.0","1.0","2.0","7","7","0","1.0","7","7","0","1.0","34","23","11","1.4782608695652173","18","23","-5","0.782608695652174","17","23","-6","0.7391304347826086","23","16","7","1.4375","5.0","0.0","5.0","","5.0","0.0","1.0","10.750726883136297","0.7970509072987054","9.95367597583759","13.488130789000305","0.7970509072987054","3.6557697299696574","-2.858718822670952","0.21802546827951358","7.203248306552978","0.7970509072987054","6.406197399254273","9.037375455685247","0.8","1.0","-0.19999999999999996","0.8","","","","","0.8","-0.2","1.0","-4.0","-0.2","0.2","-0.4","-1.0","0.5","-0.2","0.7","-2.5","","","","","","","","","","","","","","","","","1.0","-0.2","1.2","-5.0"
"22805","18008","InvertedHeuristics","differentLengthRulesNeitherDisjunctNorSubsumingAtt","QUALITY","Rule 2 (weak preference)","dfInvertedHeuristics","-1","2.0","1.0","1.0","2.0","7","7","0","1.0","7","7","0","1.0","34","23","11","1.4782608695652173","18","23","-5","0.782608695652174","17","23","-6","0.7391304347826086","23","16","7","1.4375","5.0","0.0","5.0","","5.0","0.0","1.0","10.750726883136297","0.7970509072987054","9.95367597583759","13.488130789000305","0.7970509072987054","3.6557697299696574","-2.858718822670952","0.21802546827951358","7.203248306552978","0.7970509072987054","6.406197399254273","9.037375455685247","0.8","1.0","-0.19999999999999996","0.8","","","","","0.8","-0.2","1.0","-4.0","-0.2","0.2","-0.4","-1.0","0.5","-0.2","0.7","-2.5","","","","","","","","","","","","","","","","","1.0","-0.2","1.2","-5.0"
"22805","18008","InvertedHeuristics","differentLengthRulesNeitherDisjunctNorSubsumingAtt","QUALITY","Rule 2 (weak preference)","dfInvertedHeuristics","-1","2.0","1.0","1.0","2.0","7","7","0","1.0","7","7","0","1.0","34","23","11","1.4782608695652173","18","23","-5","0.782608695652174","17","23","-6","0.7391304347826086","23","16","7","1.4375","5.0","0.0","5.0","","5.0","0.0","1.0","10.750726883136297","0.7970509072987054","9.95367597583759","13.488130789000305","0.7970509072987054","3.6557697299696574","-2.858718822670952","0.21802546827951358","7.203248306552978","0.7970509072987054","6.406197399254273","9.037375455685247","0.8","1.0","-0.19999999999999996","0.8","","","","","0.8","-0.2","1.0","-4.0","-0.2","0.2","-0.4","-1.0","0.5","-0.2","0.7","-2.5","","","","","","","","","","","","","","","","","1.0","-0.2","1.2","-5.0"
"22805","18008","InvertedHeuristics","differentLengthRulesNeitherDisjunctNorSubsumingAtt","QUALITY","Rule 1 (strong preference)","dfInvertedHeuristics","2","2.0","1.0","1.0","2.0","7","7","0","1.0","7","7","0","1.0","34","23","11","1.4782608695652173","18","23","-5","0.782608695652174","17","23","-6","0.7391304347826086","23","16","7","1.4375","5.0","0.0","5.0","","5.0","0.0","1.0","10.750726883136297","0.7970509072987054","9.95367597583759","13.488130789000305","0.7970509072987054","3.6557697299696574","-2.858718822670952","0.21802546827951358","7.203248306552978","0.7970509072987054","6.406197399254273","9.037375455685247","0.8","1.0","-0.19999999999999996","0.8","","","","","0.8","-0.2","1.0","-4.0","-0.2","0.2","-0.4","-1.0","0.5","-0.2","0.7","-2.5","","","","","","","","","","","","","","","","","1.0","-0.2","1.2","-5.0"
"27465","60622","InvertedHeuristics","differentLengthRulesNeitherDisjunctNorSubsumingAtt","QUALITY","Rule 2 (weak preference)","dfInvertedHeuristics","-1","1.0","2.0","-1.0","0.5","7","7","0","1.0","5","7","-2","0.7142857142857143","25","57","-32","0.43859649122807015","25","32","-7","0.78125","25","28","-3","0.8928571428571429","25","25","0","1.0","0.0","3.0","-3.0","0.0","0.0","0.0","","4.413319799773982","4.413319799773982","0.0","1.0","0.2561859692173387","4.413319799773982","-4.157133830556643","0.058048358342501875","4.413319799773982","2.33475288449566","2.0785669152783215","1.8902727689433056","1.0","1.0","0.0","1.0","","","","","0.2","0.4","-0.2","0.5","0.2","0.2","0.0","1.0","0.2","0.30000000000000004","-0.10000000000000003","0.6666666666666666","","","","","","","","","","","","","","","","","0.2","0.6000000000000001","-0.4000000000000001","0.3333333333333333"
"27465","60622","InvertedHeuristics","differentLengthRulesNeitherDisjunctNorSubsumingAtt","QUALITY","Rule 2 (weak preference)","dfInvertedHeuristics","-1","1.0","2.0","-1.0","0.5","7","7","0","1.0","5","7","-2","0.7142857142857143","25","57","-32","0.43859649122807015","25","32","-7","0.78125","25","28","-3","0.8928571428571429","25","25","0","1.0","0.0","3.0","-3.0","0.0","0.0","0.0","","4.413319799773982","4.413319799773982","0.0","1.0","0.2561859692173387","4.413319799773982","-4.157133830556643","0.058048358342501875","4.413319799773982","2.33475288449566","2.0785669152783215","1.8902727689433056","1.0","1.0","0.0","1.0","","","","","0.2","0.4","-0.2","0.5","0.2","0.2","0.0","1.0","0.2","0.30000000000000004","-0.10000000000000003","0.6666666666666666","","","","","","","","","","","","","","","","","0.2","0.6000000000000001","-0.4000000000000001","0.3333333333333333"
"27465","60622","InvertedHeuristics","differentLengthRulesNeitherDisjunctNorSubsumingAtt","QUALITY","Rule 2 (weak preference)","dfInvertedHeuristics","-1","1.0","2.0","-1.0","0.5","7","7","0","1.0","5","7","-2","0.7142857142857143","25","57","-32","0.43859649122807015","25","32","-7","0.78125","25","28","-3","0.8928571428571429","25","25","0","1.0","0.0","3.0","-3.0","0.0","0.0","0.0","","4.413319799773982","4.413319799773982","0.0","1.0","0.2561859692173387","4.413319799773982","-4.157133830556643","0.058048358342501875","4.413319799773982","2.33475288449566","2.0785669152783215","1.8902727689433056","1.0","1.0","0.0","1.0","","","","","0.2","0.4","-0.2","0.5","0.2","0.2","0.0","1.0","0.2","0.30000000000000004","-0.10000000000000003","0.6666666666666666","","","","","","","","","","","","","","","","","0.2","0.6000000000000001","-0.4000000000000001","0.3333333333333333"
"27465","60622","InvertedHeuristics","differentLengthRulesNeitherDisjunctNorSubsumingAtt","QUALITY","Rule 2 (weak preference)","dfInvertedHeuristics","-1","1.0","2.0","-1.0","0.5","7","7","0","1.0","5","7","-2","0.7142857142857143","25","57","-32","0.43859649122807015","25","32","-7","0.78125","25","28","-3","0.8928571428571429","25","25","0","1.0","0.0","3.0","-3.0","0.0","0.0","0.0","","4.413319799773982","4.413319799773982","0.0","1.0","0.2561859692173387","4.413319799773982","-4.157133830556643","0.058048358342501875","4.413319799773982","2.33475288449566","2.0785669152783215","1.8902727689433056","1.0","1.0","0.0","1.0","","","","","0.2","0.4","-0.2","0.5","0.2","0.2","0.0","1.0","0.2","0.30000000000000004","-0.10000000000000003","0.6666666666666666","","","","","","","","","","","","","","","","","0.2","0.6000000000000001","-0.4000000000000001","0.3333333333333333"
"27465","60622","InvertedHeuristics","differentLengthRulesNeitherDisjunctNorSubsumingAtt","QUALITY","Rule 2 (strong preference)","dfInvertedHeuristics","-2","1.0","2.0","-1.0","0.5","7","7","0","1.0","5","7","-2","0.7142857142857143","25","57","-32","0.43859649122807015","25","32","-7","0.78125","25","28","-3","0.8928571428571429","25","25","0","1.0","0.0","3.0","-3.0","0.0","0.0","0.0","","4.413319799773982","4.413319799773982","0.0","1.0","0.2561859692173387","4.413319799773982","-4.157133830556643","0.058048358342501875","4.413319799773982","2.33475288449566","2.0785669152783215","1.8902727689433056","1.0","1.0","0.0","1.0","","","","","0.2","0.4","-0.2","0.5","0.2","0.2","0.0","1.0","0.2","0.30000000000000004","-0.10000000000000003","0.6666666666666666","","","","","","","","","","","","","","","","","0.2","0.6000000000000001","-0.4000000000000001","0.3333333333333333"
"31237","45181","InvertedHeuristics","differentLengthRulesNeitherDisjunctNorSubsumingAtt","QUALITY","No preference","dfInvertedHeuristics","0","2.0","1.0","1.0","2.0","7","4","3","1.75","4","7","-3","0.5714285714285714","37","27","10","1.3703703703703705","23","27","-4","0.8518518518518519","18","27","-9","0.6666666666666666","27","14","13","1.9285714285714286","5.0","0.0","5.0","","5.0","0.0","1.0","14.215750141396216","1.736639060297241","12.479111081098974","8.185782795282208","1.736639060297241","0.7353353910584786","1.0013036692387625","2.3616965556321663","7.475542766227348","1.736639060297241","5.738903705930107","4.304603608851135","1.0","1.0","0.0","1.0","","","","","-0.2","0.4","-0.6000000000000001","-0.5","0.4","-0.4","0.8","-1.0","-0.30000000000000004","0.4","-0.7000000000000001","-0.7500000000000001","","","","","","","","","","","","","","","","","-0.6000000000000001","0.4","-1.0","-1.5000000000000002"
"31237","45181","InvertedHeuristics","differentLengthRulesNeitherDisjunctNorSubsumingAtt","QUALITY","Rule 2 (weak preference)","dfInvertedHeuristics","-1","2.0","1.0","1.0","2.0","7","4","3","1.75","4","7","-3","0.5714285714285714","37","27","10","1.3703703703703705","23","27","-4","0.8518518518518519","18","27","-9","0.6666666666666666","27","14","13","1.9285714285714286","5.0","0.0","5.0","","5.0","0.0","1.0","14.215750141396216","1.736639060297241","12.479111081098974","8.185782795282208","1.736639060297241","0.7353353910584786","1.0013036692387625","2.3616965556321663","7.475542766227348","1.736639060297241","5.738903705930107","4.304603608851135","1.0","1.0","0.0","1.0","","","","","-0.2","0.4","-0.6000000000000001","-0.5","0.4","-0.4","0.8","-1.0","-0.30000000000000004","0.4","-0.7000000000000001","-0.7500000000000001","","","","","","","","","","","","","","","","","-0.6000000000000001","0.4","-1.0","-1.5000000000000002"
"31237","45181","InvertedHeuristics","differentLengthRulesNeitherDisjunctNorSubsumingAtt","QUALITY","Rule 2 (strong preference)","dfInvertedHeuristics","-2","2.0","1.0","1.0","2.0","7","4","3","1.75","4","7","-3","0.5714285714285714","37","27","10","1.3703703703703705","23","27","-4","0.8518518518518519","18","27","-9","0.6666666666666666","27","14","13","1.9285714285714286","5.0","0.0","5.0","","5.0","0.0","1.0","14.215750141396216","1.736639060297241","12.479111081098974","8.185782795282208","1.736639060297241","0.7353353910584786","1.0013036692387625","2.3616965556321663","7.475542766227348","1.736639060297241","5.738903705930107","4.304603608851135","1.0","1.0","0.0","1.0","","","","","-0.2","0.4","-0.6000000000000001","-0.5","0.4","-0.4","0.8","-1.0","-0.30000000000000004","0.4","-0.7000000000000001","-0.7500000000000001","","","","","","","","","","","","","","","","","-0.6000000000000001","0.4","-1.0","-1.5000000000000002"
"31237","45181","InvertedHeuristics","differentLengthRulesNeitherDisjunctNorSubsumingAtt","QUALITY","Rule 1 (strong preference)","dfInvertedHeuristics","2","2.0","1.0","1.0","2.0","7","4","3","1.75","4","7","-3","0.5714285714285714","37","27","10","1.3703703703703705","23","27","-4","0.8518518518518519","18","27","-9","0.6666666666666666","27","14","13","1.9285714285714286","5.0","0.0","5.0","","5.0","0.0","1.0","14.215750141396216","1.736639060297241","12.479111081098974","8.185782795282208","1.736639060297241","0.7353353910584786","1.0013036692387625","2.3616965556321663","7.475542766227348","1.736639060297241","5.738903705930107","4.304603608851135","1.0","1.0","0.0","1.0","","","","","-0.2","0.4","-0.6000000000000001","-0.5","0.4","-0.4","0.8","-1.0","-0.30000000000000004","0.4","-0.7000000000000001","-0.7500000000000001","","","","","","","","","","","","","","","","","-0.6000000000000001","0.4","-1.0","-1.5000000000000002"
"31237","45181","InvertedHeuristics","differentLengthRulesNeitherDisjunctNorSubsumingAtt","QUALITY","Rule 1 (strong preference)","dfInvertedHeuristics","2","2.0","1.0","1.0","2.0","7","4","3","1.75","4","7","-3","0.5714285714285714","37","27","10","1.3703703703703705","23","27","-4","0.8518518518518519","18","27","-9","0.6666666666666666","27","14","13","1.9285714285714286","5.0","0.0","5.0","","5.0","0.0","1.0","14.215750141396216","1.736639060297241","12.479111081098974","8.185782795282208","1.736639060297241","0.7353353910584786","1.0013036692387625","2.3616965556321663","7.475542766227348","1.736639060297241","5.738903705930107","4.304603608851135","1.0","1.0","0.0","1.0","","","","","-0.2","0.4","-0.6000000000000001","-0.5","0.4","-0.4","0.8","-1.0","-0.30000000000000004","0.4","-0.7000000000000001","-0.7500000000000001","","","","","","","","","","","","","","","","","-0.6000000000000001","0.4","-1.0","-1.5000000000000002"
"31237","45181","InvertedHeuristics","differentLengthRulesNeitherDisjunctNorSubsumingAtt","QUALITY","Rule 2 (weak preference)","dfInvertedHeuristics","-1","2.0","1.0","1.0","2.0","7","4","3","1.75","4","7","-3","0.5714285714285714","37","27","10","1.3703703703703705","23","27","-4","0.8518518518518519","18","27","-9","0.6666666666666666","27","14","13","1.9285714285714286","5.0","0.0","5.0","","5.0","0.0","1.0","14.215750141396216","1.736639060297241","12.479111081098974","8.185782795282208","1.736639060297241","0.7353353910584786","1.0013036692387625","2.3616965556321663","7.475542766227348","1.736639060297241","5.738903705930107","4.304603608851135","1.0","1.0","0.0","1.0","","","","","-0.2","0.4","-0.6000000000000001","-0.5","0.4","-0.4","0.8","-1.0","-0.30000000000000004","0.4","-0.7000000000000001","-0.7500000000000001","","","","","","","","","","","","","","","","","-0.6000000000000001","0.4","-1.0","-1.5000000000000002"
"31440","24259","InvertedHeuristics","differentLengthRulesNeitherDisjunctNorSubsumingAtt","QUALITY","Rule 2 (strong preference)","dfInvertedHeuristics","-2","1.0","2.0","-1.0","0.5","6","7","-1","0.8571428571428571","6","6","0","1.0","24","40","-16","0.6","24","24","0","1.0","24","20","4","1.2","16","24","-8","0.6666666666666666","0.0","4.0","-4.0","0.0","0.0","0.0","","7.628036871263863","22.61854347600541","-14.990506604741547","0.33724704154164337","7.628036871263863","7.628036871263863","0.0","1.0","7.628036871263863","15.123290173634635","-7.495253302370772","0.5043900357451508","1.0","1.0","0.0","1.0","","","","","-0.2","0.6","-0.8","-0.33333333333333337","-0.2","-0.2","0.0","1.0","-0.2","0.2","-0.4","-1.0","","","","","","","","","","","","","","","","","-0.2","0.4","-0.6000000000000001","-0.5"
"31440","24259","InvertedHeuristics","differentLengthRulesNeitherDisjunctNorSubsumingAtt","QUALITY","Rule 2 (strong preference)","dfInvertedHeuristics","-2","1.0","2.0","-1.0","0.5","6","7","-1","0.8571428571428571","6","6","0","1.0","24","40","-16","0.6","24","24","0","1.0","24","20","4","1.2","16","24","-8","0.6666666666666666","0.0","4.0","-4.0","0.0","0.0","0.0","","7.628036871263863","22.61854347600541","-14.990506604741547","0.33724704154164337","7.628036871263863","7.628036871263863","0.0","1.0","7.628036871263863","15.123290173634635","-7.495253302370772","0.5043900357451508","1.0","1.0","0.0","1.0","","","","","-0.2","0.6","-0.8","-0.33333333333333337","-0.2","-0.2","0.0","1.0","-0.2","0.2","-0.4","-1.0","","","","","","","","","","","","","","","","","-0.2","0.4","-0.6000000000000001","-0.5"
"31440","24259","InvertedHeuristics","differentLengthRulesNeitherDisjunctNorSubsumingAtt","QUALITY","Rule 1 (weak preference)","dfInvertedHeuristics","1","1.0","2.0","-1.0","0.5","6","7","-1","0.8571428571428571","6","6","0","1.0","24","40","-16","0.6","24","24","0","1.0","24","20","4","1.2","16","24","-8","0.6666666666666666","0.0","4.0","-4.0","0.0","0.0","0.0","","7.628036871263863","22.61854347600541","-14.990506604741547","0.33724704154164337","7.628036871263863","7.628036871263863","0.0","1.0","7.628036871263863","15.123290173634635","-7.495253302370772","0.5043900357451508","1.0","1.0","0.0","1.0","","","","","-0.2","0.6","-0.8","-0.33333333333333337","-0.2","-0.2","0.0","1.0","-0.2","0.2","-0.4","-1.0","","","","","","","","","","","","","","","","","-0.2","0.4","-0.6000000000000001","-0.5"
"31440","24259","InvertedHeuristics","differentLengthRulesNeitherDisjunctNorSubsumingAtt","QUALITY","Rule 2 (strong preference)","dfInvertedHeuristics","-2","1.0","2.0","-1.0","0.5","6","7","-1","0.8571428571428571","6","6","0","1.0","24","40","-16","0.6","24","24","0","1.0","24","20","4","1.2","16","24","-8","0.6666666666666666","0.0","4.0","-4.0","0.0","0.0","0.0","","7.628036871263863","22.61854347600541","-14.990506604741547","0.33724704154164337","7.628036871263863","7.628036871263863","0.0","1.0","7.628036871263863","15.123290173634635","-7.495253302370772","0.5043900357451508","1.0","1.0","0.0","1.0","","","","","-0.2","0.6","-0.8","-0.33333333333333337","-0.2","-0.2","0.0","1.0","-0.2","0.2","-0.4","-1.0","","","","","","","","","","","","","","","","","-0.2","0.4","-0.6000000000000001","-0.5"
"31440","24259","InvertedHeuristics","differentLengthRulesNeitherDisjunctNorSubsumingAtt","QUALITY","Rule 1 (strong preference)","dfInvertedHeuristics","2","1.0","2.0","-1.0","0.5","6","7","-1","0.8571428571428571","6","6","0","1.0","24","40","-16","0.6","24","24","0","1.0","24","20","4","1.2","16","24","-8","0.6666666666666666","0.0","4.0","-4.0","0.0","0.0","0.0","","7.628036871263863","22.61854347600541","-14.990506604741547","0.33724704154164337","7.628036871263863","7.628036871263863","0.0","1.0","7.628036871263863","15.123290173634635","-7.495253302370772","0.5043900357451508","1.0","1.0","0.0","1.0","","","","","-0.2","0.6","-0.8","-0.33333333333333337","-0.2","-0.2","0.0","1.0","-0.2","0.2","-0.4","-1.0","","","","","","","","","","","","","","","","","-0.2","0.4","-0.6000000000000001","-0.5"
"43","40","arules","differentLengthRulesNeitherDisjunctNorSubsumingAtt","QUALITY","Rule 2 (strong preference)","arules","-2","1.0","2.0","-1.0","0.5","7","7","0","1.0","7","7","0","1.0","32","48","-16","0.6666666666666666","32","32","0","1.0","32","24","8","1.3333333333333333","16","32","-16","0.5","0.0","5.0","-5.0","0.0","0.0","0.0","","9.776223096147072","22.61854347600541","-12.842320379858338","0.43222160200182885","9.776223096147072","9.776223096147072","0.0","1.0","9.776223096147072","16.197383286076242","-6.42116018992917","0.6035680531528206","0.5","0.6","-0.09999999999999998","0.8333333333333334","0.0130434782608696","0.0130434782608696","0.0","1.0","0.6","0.6","0.0","1.0","0.6","0.6","0.0","1.0","0.6","0.6","0.0","1.0","","","","","","","","","","","","","","","","","0.6","1.2","-0.6","0.5"
"43","40","arules","differentLengthRulesNeitherDisjunctNorSubsumingAtt","QUALITY","Rule 1 (strong preference)","arules","2","1.0","2.0","-1.0","0.5","7","7","0","1.0","7","7","0","1.0","32","48","-16","0.6666666666666666","32","32","0","1.0","32","24","8","1.3333333333333333","16","32","-16","0.5","0.0","5.0","-5.0","0.0","0.0","0.0","","9.776223096147072","22.61854347600541","-12.842320379858338","0.43222160200182885","9.776223096147072","9.776223096147072","0.0","1.0","9.776223096147072","16.197383286076242","-6.42116018992917","0.6035680531528206","0.5","0.6","-0.09999999999999998","0.8333333333333334","0.0130434782608696","0.0130434782608696","0.0","1.0","0.6","0.6","0.0","1.0","0.6","0.6","0.0","1.0","0.6","0.6","0.0","1.0","","","","","","","","","","","","","","","","","0.6","1.2","-0.6","0.5"
"43","40","arules","differentLengthRulesNeitherDisjunctNorSubsumingAtt","QUALITY","Rule 2 (strong preference)","arules","-2","1.0","2.0","-1.0","0.5","7","7","0","1.0","7","7","0","1.0","32","48","-16","0.6666666666666666","32","32","0","1.0","32","24","8","1.3333333333333333","16","32","-16","0.5","0.0","5.0","-5.0","0.0","0.0","0.0","","9.776223096147072","22.61854347600541","-12.842320379858338","0.43222160200182885","9.776223096147072","9.776223096147072","0.0","1.0","9.776223096147072","16.197383286076242","-6.42116018992917","0.6035680531528206","0.5","0.6","-0.09999999999999998","0.8333333333333334","0.0130434782608696","0.0130434782608696","0.0","1.0","0.6","0.6","0.0","1.0","0.6","0.6","0.0","1.0","0.6","0.6","0.0","1.0","","","","","","","","","","","","","","","","","0.6","1.2","-0.6","0.5"
"43","40","arules","differentLengthRulesNeitherDisjunctNorSubsumingAtt","QUALITY","No preference","arules","0","1.0","2.0","-1.0","0.5","7","7","0","1.0","7","7","0","1.0","32","48","-16","0.6666666666666666","32","32","0","1.0","32","24","8","1.3333333333333333","16","32","-16","0.5","0.0","5.0","-5.0","0.0","0.0","0.0","","9.776223096147072","22.61854347600541","-12.842320379858338","0.43222160200182885","9.776223096147072","9.776223096147072","0.0","1.0","9.776223096147072","16.197383286076242","-6.42116018992917","0.6035680531528206","0.5","0.6","-0.09999999999999998","0.8333333333333334","0.0130434782608696","0.0130434782608696","0.0","1.0","0.6","0.6","0.0","1.0","0.6","0.6","0.0","1.0","0.6","0.6","0.0","1.0","","","","","","","","","","","","","","","","","0.6","1.2","-0.6","0.5"
"43","40","arules","differentLengthRulesNeitherDisjunctNorSubsumingAtt","QUALITY","Rule 1 (weak preference)","arules","1","1.0","2.0","-1.0","0.5","7","7","0","1.0","7","7","0","1.0","32","48","-16","0.6666666666666666","32","32","0","1.0","32","24","8","1.3333333333333333","16","32","-16","0.5","0.0","5.0","-5.0","0.0","0.0","0.0","","9.776223096147072","22.61854347600541","-12.842320379858338","0.43222160200182885","9.776223096147072","9.776223096147072","0.0","1.0","9.776223096147072","16.197383286076242","-6.42116018992917","0.6035680531528206","0.5","0.6","-0.09999999999999998","0.8333333333333334","0.0130434782608696","0.0130434782608696","0.0","1.0","0.6","0.6","0.0","1.0","0.6","0.6","0.0","1.0","0.6","0.6","0.0","1.0","","","","","","","","","","","","","","","","","0.6","1.2","-0.6","0.5"
"69826","14408","InvertedHeuristics","differentLengthRulesNeitherDisjunctNorSubsumingAtt","QUALITY","No preference","dfInvertedHeuristics","0","1.0","2.0","-1.0","0.5","7","7","0","1.0","6","7","-1","0.8571428571428571","19","47","-28","0.40425531914893614","19","31","-12","0.6129032258064516","19","23","-4","0.8260869565217391","16","19","-3","0.8421052631578947","0.0","4.0","-4.0","0.0","0.0","0.0","","10.570262930585162","22.61854347600541","-12.048280545420248","0.46732730344898155","1.9041740162883416","10.570262930585162","-8.666088914296822","0.1801444324321011","10.570262930585162","12.261358746146874","-1.6910958155617113","0.8620792482649496","1.0","1.0","0.0","1.0","","","","","1.0","0.8","0.19999999999999996","1.25","0.6","1.0","-0.4","0.6","1.0","0.7","0.30000000000000004","1.4285714285714286","","","","","","","","","","","","","","","","","1.0","1.4","-0.3999999999999999","0.7142857142857143"
"69826","14408","InvertedHeuristics","differentLengthRulesNeitherDisjunctNorSubsumingAtt","QUALITY","Rule 1 (strong preference)","dfInvertedHeuristics","2","1.0","2.0","-1.0","0.5","7","7","0","1.0","6","7","-1","0.8571428571428571","19","47","-28","0.40425531914893614","19","31","-12","0.6129032258064516","19","23","-4","0.8260869565217391","16","19","-3","0.8421052631578947","0.0","4.0","-4.0","0.0","0.0","0.0","","10.570262930585162","22.61854347600541","-12.048280545420248","0.46732730344898155","1.9041740162883416","10.570262930585162","-8.666088914296822","0.1801444324321011","10.570262930585162","12.261358746146874","-1.6910958155617113","0.8620792482649496","1.0","1.0","0.0","1.0","","","","","1.0","0.8","0.19999999999999996","1.25","0.6","1.0","-0.4","0.6","1.0","0.7","0.30000000000000004","1.4285714285714286","","","","","","","","","","","","","","","","","1.0","1.4","-0.3999999999999999","0.7142857142857143"
"69826","14408","InvertedHeuristics","differentLengthRulesNeitherDisjunctNorSubsumingAtt","QUALITY","Rule 2 (strong preference)","dfInvertedHeuristics","-2","1.0","2.0","-1.0","0.5","7","7","0","1.0","6","7","-1","0.8571428571428571","19","47","-28","0.40425531914893614","19","31","-12","0.6129032258064516","19","23","-4","0.8260869565217391","16","19","-3","0.8421052631578947","0.0","4.0","-4.0","0.0","0.0","0.0","","10.570262930585162","22.61854347600541","-12.048280545420248","0.46732730344898155","1.9041740162883416","10.570262930585162","-8.666088914296822","0.1801444324321011","10.570262930585162","12.261358746146874","-1.6910958155617113","0.8620792482649496","1.0","1.0","0.0","1.0","","","","","1.0","0.8","0.19999999999999996","1.25","0.6","1.0","-0.4","0.6","1.0","0.7","0.30000000000000004","1.4285714285714286","","","","","","","","","","","","","","","","","1.0","1.4","-0.3999999999999999","0.7142857142857143"
"69826","14408","InvertedHeuristics","differentLengthRulesNeitherDisjunctNorSubsumingAtt","QUALITY","No preference","dfInvertedHeuristics","0","1.0","2.0","-1.0","0.5","7","7","0","1.0","6","7","-1","0.8571428571428571","19","47","-28","0.40425531914893614","19","31","-12","0.6129032258064516","19","23","-4","0.8260869565217391","16","19","-3","0.8421052631578947","0.0","4.0","-4.0","0.0","0.0","0.0","","10.570262930585162","22.61854347600541","-12.048280545420248","0.46732730344898155","1.9041740162883416","10.570262930585162","-8.666088914296822","0.1801444324321011","10.570262930585162","12.261358746146874","-1.6910958155617113","0.8620792482649496","1.0","1.0","0.0","1.0","","","","","1.0","0.8","0.19999999999999996","1.25","0.6","1.0","-0.4","0.6","1.0","0.7","0.30000000000000004","1.4285714285714286","","","","","","","","","","","","","","","","","1.0","1.4","-0.3999999999999999","0.7142857142857143"
"69826","14408","InvertedHeuristics","differentLengthRulesNeitherDisjunctNorSubsumingAtt","QUALITY","Rule 1 (strong preference)","dfInvertedHeuristics","2","1.0","2.0","-1.0","0.5","7","7","0","1.0","6","7","-1","0.8571428571428571","19","47","-28","0.40425531914893614","19","31","-12","0.6129032258064516","19","23","-4","0.8260869565217391","16","19","-3","0.8421052631578947","0.0","4.0","-4.0","0.0","0.0","0.0","","10.570262930585162","22.61854347600541","-12.048280545420248","0.46732730344898155","1.9041740162883416","10.570262930585162","-8.666088914296822","0.1801444324321011","10.570262930585162","12.261358746146874","-1.6910958155617113","0.8620792482649496","1.0","1.0","0.0","1.0","","","","","1.0","0.8","0.19999999999999996","1.25","0.6","1.0","-0.4","0.6","1.0","0.7","0.30000000000000004","1.4285714285714286","","","","","","","","","","","","","","","","","1.0","1.4","-0.3999999999999999","0.7142857142857143"
"90003","32812","InvertedHeuristics","differentLengthRulesNeitherDisjunctNorSubsumingAtt","QUALITY","Rule 2 (weak preference)","dfInvertedHeuristics","-1","1.0","2.0","-1.0","0.5","3","7","-4","0.42857142857142855","3","3","0","1.0","41","57","-16","0.7192982456140351","41","41","0","1.0","41","28","13","1.4642857142857142","16","41","-25","0.3902439024390244","0.0","2.0","-2.0","0.0","0.0","0.0","","1.2883442773386202","22.61854347600541","-21.33019919866679","0.05695964811816215","1.2883442773386202","1.2883442773386202","0.0","1.0","1.2883442773386202","11.953443876672015","-10.665099599333395","0.10778017537296633","1.0","1.0","0.0","1.0","","","","","0.0","0.6","-0.6","0.0","0.0","0.0","0.0","","0.0","0.3","-0.3","0.0","","","","","","","","","","","","","","","","","0.0","0.6","-0.6","0.0"
"90003","32812","InvertedHeuristics","differentLengthRulesNeitherDisjunctNorSubsumingAtt","QUALITY","Rule 2 (strong preference)","dfInvertedHeuristics","-2","1.0","2.0","-1.0","0.5","3","7","-4","0.42857142857142855","3","3","0","1.0","41","57","-16","0.7192982456140351","41","41","0","1.0","41","28","13","1.4642857142857142","16","41","-25","0.3902439024390244","0.0","2.0","-2.0","0.0","0.0","0.0","","1.2883442773386202","22.61854347600541","-21.33019919866679","0.05695964811816215","1.2883442773386202","1.2883442773386202","0.0","1.0","1.2883442773386202","11.953443876672015","-10.665099599333395","0.10778017537296633","1.0","1.0","0.0","1.0","","","","","0.0","0.6","-0.6","0.0","0.0","0.0","0.0","","0.0","0.3","-0.3","0.0","","","","","","","","","","","","","","","","","0.0","0.6","-0.6","0.0"
"90003","32812","InvertedHeuristics","differentLengthRulesNeitherDisjunctNorSubsumingAtt","QUALITY","Rule 2 (strong preference)","dfInvertedHeuristics","-2","1.0","2.0","-1.0","0.5","3","7","-4","0.42857142857142855","3","3","0","1.0","41","57","-16","0.7192982456140351","41","41","0","1.0","41","28","13","1.4642857142857142","16","41","-25","0.3902439024390244","0.0","2.0","-2.0","0.0","0.0","0.0","","1.2883442773386202","22.61854347600541","-21.33019919866679","0.05695964811816215","1.2883442773386202","1.2883442773386202","0.0","1.0","1.2883442773386202","11.953443876672015","-10.665099599333395","0.10778017537296633","1.0","1.0","0.0","1.0","","","","","0.0","0.6","-0.6","0.0","0.0","0.0","0.0","","0.0","0.3","-0.3","0.0","","","","","","","","","","","","","","","","","0.0","0.6","-0.6","0.0"
"90003","32812","InvertedHeuristics","differentLengthRulesNeitherDisjunctNorSubsumingAtt","QUALITY","Rule 2 (strong preference)","dfInvertedHeuristics","-2","1.0","2.0","-1.0","0.5","3","7","-4","0.42857142857142855","3","3","0","1.0","41","57","-16","0.7192982456140351","41","41","0","1.0","41","28","13","1.4642857142857142","16","41","-25","0.3902439024390244","0.0","2.0","-2.0","0.0","0.0","0.0","","1.2883442773386202","22.61854347600541","-21.33019919866679","0.05695964811816215","1.2883442773386202","1.2883442773386202","0.0","1.0","1.2883442773386202","11.953443876672015","-10.665099599333395","0.10778017537296633","1.0","1.0","0.0","1.0","","","","","0.0","0.6","-0.6","0.0","0.0","0.0","0.0","","0.0","0.3","-0.3","0.0","","","","","","","","","","","","","","","","","0.0","0.6","-0.6","0.0"
"90003","32812","InvertedHeuristics","differentLengthRulesNeitherDisjunctNorSubsumingAtt","QUALITY","Rule 2 (weak preference)","dfInvertedHeuristics","-1","1.0","2.0","-1.0","0.5","3","7","-4","0.42857142857142855","3","3","0","1.0","41","57","-16","0.7192982456140351","41","41","0","1.0","41","28","13","1.4642857142857142","16","41","-25","0.3902439024390244","0.0","2.0","-2.0","0.0","0.0","0.0","","1.2883442773386202","22.61854347600541","-21.33019919866679","0.05695964811816215","1.2883442773386202","1.2883442773386202","0.0","1.0","1.2883442773386202","11.953443876672015","-10.665099599333395","0.10778017537296633","1.0","1.0","0.0","1.0","","","","","0.0","0.6","-0.6","0.0","0.0","0.0","0.0","","0.0","0.3","-0.3","0.0","","","","","","","","","","","","","","","","","0.0","0.6","-0.6","0.0"
"17510","22805","InvertedHeuristics","differentLengthRulesNeitherDisjunctNorSubsumingAtt","QUALITY","No preference","dfInvertedHeuristics","0","1.0","2.0","-1.0","0.5","8","7","1","1.1428571428571428","7","8","-1","0.875","30","34","-4","0.8823529411764706","30","18","12","1.6666666666666667","30","17","13","1.7647058823529411","16","30","-14","0.5333333333333333","0.0","5.0","-5.0","0.0","0.0","0.0","","0.9553138048833584","10.750726883136297","-9.795413078252938","0.08886039197794836","3.6557697299696574","0.9553138048833584","2.700455925086299","3.826773685549345","0.9553138048833584","7.203248306552978","-6.2479345016696195","0.13262263970746158","1.0","0.8","0.19999999999999996","1.25","","","","","0.8","0.8","0.0","1.0","0.2","0.8","-0.6000000000000001","0.25","0.8","0.5","0.30000000000000004","1.6","","","","","","","","","","","","","","","","","0.8","1.0","-0.19999999999999996","0.8"
"17510","22805","InvertedHeuristics","differentLengthRulesNeitherDisjunctNorSubsumingAtt","QUALITY","Rule 2 (strong preference)","dfInvertedHeuristics","-2","1.0","2.0","-1.0","0.5","8","7","1","1.1428571428571428","7","8","-1","0.875","30","34","-4","0.8823529411764706","30","18","12","1.6666666666666667","30","17","13","1.7647058823529411","16","30","-14","0.5333333333333333","0.0","5.0","-5.0","0.0","0.0","0.0","","0.9553138048833584","10.750726883136297","-9.795413078252938","0.08886039197794836","3.6557697299696574","0.9553138048833584","2.700455925086299","3.826773685549345","0.9553138048833584","7.203248306552978","-6.2479345016696195","0.13262263970746158","1.0","0.8","0.19999999999999996","1.25","","","","","0.8","0.8","0.0","1.0","0.2","0.8","-0.6000000000000001","0.25","0.8","0.5","0.30000000000000004","1.6","","","","","","","","","","","","","","","","","0.8","1.0","-0.19999999999999996","0.8"
"17510","22805","InvertedHeuristics","differentLengthRulesNeitherDisjunctNorSubsumingAtt","QUALITY","Rule 1 (weak preference)","dfInvertedHeuristics","1","1.0","2.0","-1.0","0.5","8","7","1","1.1428571428571428","7","8","-1","0.875","30","34","-4","0.8823529411764706","30","18","12","1.6666666666666667","30","17","13","1.7647058823529411","16","30","-14","0.5333333333333333","0.0","5.0","-5.0","0.0","0.0","0.0","","0.9553138048833584","10.750726883136297","-9.795413078252938","0.08886039197794836","3.6557697299696574","0.9553138048833584","2.700455925086299","3.826773685549345","0.9553138048833584","7.203248306552978","-6.2479345016696195","0.13262263970746158","1.0","0.8","0.19999999999999996","1.25","","","","","0.8","0.8","0.0","1.0","0.2","0.8","-0.6000000000000001","0.25","0.8","0.5","0.30000000000000004","1.6","","","","","","","","","","","","","","","","","0.8","1.0","-0.19999999999999996","0.8"
"17510","22805","InvertedHeuristics","differentLengthRulesNeitherDisjunctNorSubsumingAtt","QUALITY","No preference","dfInvertedHeuristics","0","1.0","2.0","-1.0","0.5","8","7","1","1.1428571428571428","7","8","-1","0.875","30","34","-4","0.8823529411764706","30","18","12","1.6666666666666667","30","17","13","1.7647058823529411","16","30","-14","0.5333333333333333","0.0","5.0","-5.0","0.0","0.0","0.0","","0.9553138048833584","10.750726883136297","-9.795413078252938","0.08886039197794836","3.6557697299696574","0.9553138048833584","2.700455925086299","3.826773685549345","0.9553138048833584","7.203248306552978","-6.2479345016696195","0.13262263970746158","1.0","0.8","0.19999999999999996","1.25","","","","","0.8","0.8","0.0","1.0","0.2","0.8","-0.6000000000000001","0.25","0.8","0.5","0.30000000000000004","1.6","","","","","","","","","","","","","","","","","0.8","1.0","-0.19999999999999996","0.8"
"17510","22805","InvertedHeuristics","differentLengthRulesNeitherDisjunctNorSubsumingAtt","QUALITY","Rule 1 (weak preference)","dfInvertedHeuristics","1","1.0","2.0","-1.0","0.5","8","7","1","1.1428571428571428","7","8","-1","0.875","30","34","-4","0.8823529411764706","30","18","12","1.6666666666666667","30","17","13","1.7647058823529411","16","30","-14","0.5333333333333333","0.0","5.0","-5.0","0.0","0.0","0.0","","0.9553138048833584","10.750726883136297","-9.795413078252938","0.08886039197794836","3.6557697299696574","0.9553138048833584","2.700455925086299","3.826773685549345","0.9553138048833584","7.203248306552978","-6.2479345016696195","0.13262263970746158","1.0","0.8","0.19999999999999996","1.25","","","","","0.8","0.8","0.0","1.0","0.2","0.8","-0.6000000000000001","0.25","0.8","0.5","0.30000000000000004","1.6","","","","","","","","","","","","","","","","","0.8","1.0","-0.19999999999999996","0.8"
"20684","21131","InvertedHeuristics","differentLengthRulesNeitherDisjunctNorSubsumingAtt","MOVIES","Rule 1 (strong preference)","dfInvertedHeuristics","2","1.0","2.0","-1.0","0.5","5","5","0","1.0","5","5","0","1.0","25","30","-5","0.8333333333333334","25","19","6","1.3157894736842106","25","15","10","1.6666666666666667","11","25","-14","0.44","0.0","0.0","0.0","","0.0","0.0","","3.8670564096429376","86.50873178380064","-82.6416753741577","0.0447013420484228","54.59921080597982","3.8670564096429376","50.73215439633689","14.119062413941153","3.8670564096429376","70.55397129489023","-66.68691488524729","0.05480990422892047","0.946","0.956","-0.010000000000000009","0.9895397489539749","","","","","0.6","0.2","0.39999999999999997","2.9999999999999996","0.0","0.6","-0.6","0.0","0.6","0.1","0.5","5.999999999999999","","","","","","","","","","","","","","","","","0.6","0.2","0.39999999999999997","2.9999999999999996"
"20684","21131","InvertedHeuristics","differentLengthRulesNeitherDisjunctNorSubsumingAtt","MOVIES","Rule 1 (strong preference)","dfInvertedHeuristics","2","1.0","2.0","-1.0","0.5","5","5","0","1.0","5","5","0","1.0","25","30","-5","0.8333333333333334","25","19","6","1.3157894736842106","25","15","10","1.6666666666666667","11","25","-14","0.44","0.0","0.0","0.0","","0.0","0.0","","3.8670564096429376","86.50873178380064","-82.6416753741577","0.0447013420484228","54.59921080597982","3.8670564096429376","50.73215439633689","14.119062413941153","3.8670564096429376","70.55397129489023","-66.68691488524729","0.05480990422892047","0.946","0.956","-0.010000000000000009","0.9895397489539749","","","","","0.6","0.2","0.39999999999999997","2.9999999999999996","0.0","0.6","-0.6","0.0","0.6","0.1","0.5","5.999999999999999","","","","","","","","","","","","","","","","","0.6","0.2","0.39999999999999997","2.9999999999999996"
"20684","21131","InvertedHeuristics","differentLengthRulesNeitherDisjunctNorSubsumingAtt","MOVIES","Rule 1 (weak preference)","dfInvertedHeuristics","1","1.0","2.0","-1.0","0.5","5","5","0","1.0","5","5","0","1.0","25","30","-5","0.8333333333333334","25","19","6","1.3157894736842106","25","15","10","1.6666666666666667","11","25","-14","0.44","0.0","0.0","0.0","","0.0","0.0","","3.8670564096429376","86.50873178380064","-82.6416753741577","0.0447013420484228","54.59921080597982","3.8670564096429376","50.73215439633689","14.119062413941153","3.8670564096429376","70.55397129489023","-66.68691488524729","0.05480990422892047","0.946","0.956","-0.010000000000000009","0.9895397489539749","","","","","0.6","0.2","0.39999999999999997","2.9999999999999996","0.0","0.6","-0.6","0.0","0.6","0.1","0.5","5.999999999999999","","","","","","","","","","","","","","","","","0.6","0.2","0.39999999999999997","2.9999999999999996"
"20684","21131","InvertedHeuristics","differentLengthRulesNeitherDisjunctNorSubsumingAtt","MOVIES","No preference","dfInvertedHeuristics","0","1.0","2.0","-1.0","0.5","5","5","0","1.0","5","5","0","1.0","25","30","-5","0.8333333333333334","25","19","6","1.3157894736842106","25","15","10","1.6666666666666667","11","25","-14","0.44","0.0","0.0","0.0","","0.0","0.0","","3.8670564096429376","86.50873178380064","-82.6416753741577","0.0447013420484228","54.59921080597982","3.8670564096429376","50.73215439633689","14.119062413941153","3.8670564096429376","70.55397129489023","-66.68691488524729","0.05480990422892047","0.946","0.956","-0.010000000000000009","0.9895397489539749","","","","","0.6","0.2","0.39999999999999997","2.9999999999999996","0.0","0.6","-0.6","0.0","0.6","0.1","0.5","5.999999999999999","","","","","","","","","","","","","","","","","0.6","0.2","0.39999999999999997","2.9999999999999996"
"20684","21131","InvertedHeuristics","differentLengthRulesNeitherDisjunctNorSubsumingAtt","MOVIES","Rule 1 (weak preference)","dfInvertedHeuristics","1","1.0","2.0","-1.0","0.5","5","5","0","1.0","5","5","0","1.0","25","30","-5","0.8333333333333334","25","19","6","1.3157894736842106","25","15","10","1.6666666666666667","11","25","-14","0.44","0.0","0.0","0.0","","0.0","0.0","","3.8670564096429376","86.50873178380064","-82.6416753741577","0.0447013420484228","54.59921080597982","3.8670564096429376","50.73215439633689","14.119062413941153","3.8670564096429376","70.55397129489023","-66.68691488524729","0.05480990422892047","0.946","0.956","-0.010000000000000009","0.9895397489539749","","","","","0.6","0.2","0.39999999999999997","2.9999999999999996","0.0","0.6","-0.6","0.0","0.6","0.1","0.5","5.999999999999999","","","","","","","","","","","","","","","","","0.6","0.2","0.39999999999999997","2.9999999999999996"
"188","181","arules","differentLengthRulesNeitherDisjunctNorSubsumingAtt","MOVIES","Rule 2 (strong preference)","arules","-2","1.0","2.0","-1.0","0.5","5","5","0","1.0","5","5","0","1.0","20","30","-10","0.6666666666666666","20","20","0","1.0","20","15","5","1.3333333333333333","10","20","-10","0.5","0.0","0.0","0.0","","0.0","0.0","","457.3516902235292","457.3516902235292","0.0","1.0","34.88007234789646","457.3516902235292","-422.4716178756328","0.07626531855791094","457.3516902235292","246.11588128571282","211.2358089378164","1.8582778479564892","0.520603015075377","0.531914893617021","-0.01131187854164406","0.9787336683417092","0.259","0.0125","0.2465","20.72","-0.8","0.0","-0.8","-inf","-0.8","-0.8","0.0","1.0","-0.8","-0.4","-0.4","2.0","","","","","","","","","","","","","","","","","-0.8","-0.8","0.0","1.0"
"188","181","arules","differentLengthRulesNeitherDisjunctNorSubsumingAtt","MOVIES","Rule 2 (weak preference)","arules","-1","1.0","2.0","-1.0","0.5","5","5","0","1.0","5","5","0","1.0","20","30","-10","0.6666666666666666","20","20","0","1.0","20","15","5","1.3333333333333333","10","20","-10","0.5","0.0","0.0","0.0","","0.0","0.0","","457.3516902235292","457.3516902235292","0.0","1.0","34.88007234789646","457.3516902235292","-422.4716178756328","0.07626531855791094","457.3516902235292","246.11588128571282","211.2358089378164","1.8582778479564892","0.520603015075377","0.531914893617021","-0.01131187854164406","0.9787336683417092","0.259","0.0125","0.2465","20.72","-0.8","0.0","-0.8","-inf","-0.8","-0.8","0.0","1.0","-0.8","-0.4","-0.4","2.0","","","","","","","","","","","","","","","","","-0.8","-0.8","0.0","1.0"
"188","181","arules","differentLengthRulesNeitherDisjunctNorSubsumingAtt","MOVIES","No preference","arules","0","1.0","2.0","-1.0","0.5","5","5","0","1.0","5","5","0","1.0","20","30","-10","0.6666666666666666","20","20","0","1.0","20","15","5","1.3333333333333333","10","20","-10","0.5","0.0","0.0","0.0","","0.0","0.0","","457.3516902235292","457.3516902235292","0.0","1.0","34.88007234789646","457.3516902235292","-422.4716178756328","0.07626531855791094","457.3516902235292","246.11588128571282","211.2358089378164","1.8582778479564892","0.520603015075377","0.531914893617021","-0.01131187854164406","0.9787336683417092","0.259","0.0125","0.2465","20.72","-0.8","0.0","-0.8","-inf","-0.8","-0.8","0.0","1.0","-0.8","-0.4","-0.4","2.0","","","","","","","","","","","","","","","","","-0.8","-0.8","0.0","1.0"
"188","181","arules","differentLengthRulesNeitherDisjunctNorSubsumingAtt","MOVIES","No preference","arules","0","1.0","2.0","-1.0","0.5","5","5","0","1.0","5","5","0","1.0","20","30","-10","0.6666666666666666","20","20","0","1.0","20","15","5","1.3333333333333333","10","20","-10","0.5","0.0","0.0","0.0","","0.0","0.0","","457.3516902235292","457.3516902235292","0.0","1.0","34.88007234789646","457.3516902235292","-422.4716178756328","0.07626531855791094","457.3516902235292","246.11588128571282","211.2358089378164","1.8582778479564892","0.520603015075377","0.531914893617021","-0.01131187854164406","0.9787336683417092","0.259","0.0125","0.2465","20.72","-0.8","0.0","-0.8","-inf","-0.8","-0.8","0.0","1.0","-0.8","-0.4","-0.4","2.0","","","","","","","","","","","","","","","","","-0.8","-0.8","0.0","1.0"
"188","181","arules","differentLengthRulesNeitherDisjunctNorSubsumingAtt","MOVIES","Rule 2 (strong preference)","arules","-2","1.0","2.0","-1.0","0.5","5","5","0","1.0","5","5","0","1.0","20","30","-10","0.6666666666666666","20","20","0","1.0","20","15","5","1.3333333333333333","10","20","-10","0.5","0.0","0.0","0.0","","0.0","0.0","","457.3516902235292","457.3516902235292","0.0","1.0","34.88007234789646","457.3516902235292","-422.4716178756328","0.07626531855791094","457.3516902235292","246.11588128571282","211.2358089378164","1.8582778479564892","0.520603015075377","0.531914893617021","-0.01131187854164406","0.9787336683417092","0.259","0.0125","0.2465","20.72","-0.8","0.0","-0.8","-inf","-0.8","-0.8","0.0","1.0","-0.8","-0.4","-0.4","2.0","","","","","","","","","","","","","","","","","-0.8","-0.8","0.0","1.0"
"194","187","arules","differentLengthRulesNeitherDisjunctNorSubsumingAtt","MOVIES","No preference","arules","0","1.0","2.0","-1.0","0.5","5","5","0","1.0","5","5","0","1.0","10","36","-26","0.2777777777777778","10","20","-10","0.5","10","18","-8","0.5555555555555556","16","10","6","1.6","0.0","0.0","0.0","","0.0","0.0","","9.857489145525252","457.3516902235292","-447.4942010780039","0.02155341142547748","15.241664859274705","9.857489145525252","5.384175713749453","1.54620153613799","9.857489145525252","236.2966775414019","-226.43918839587664","0.04171657954775139","0.511627906976744","0.525","-0.013372093023256038","0.9745293466223695","0.011000000000000001","0.0315","-0.020499999999999997","0.34920634920634924","0.0","0.8","-0.8","0.0","0.0","0.0","0.0","","0.0","0.4","-0.4","0.0","","","","","","","","","","","","","","","","","0.0","0.8","-0.8","0.0"
"194","187","arules","differentLengthRulesNeitherDisjunctNorSubsumingAtt","MOVIES","Rule 1 (strong preference)","arules","2","1.0","2.0","-1.0","0.5","5","5","0","1.0","5","5","0","1.0","10","36","-26","0.2777777777777778","10","20","-10","0.5","10","18","-8","0.5555555555555556","16","10","6","1.6","0.0","0.0","0.0","","0.0","0.0","","9.857489145525252","457.3516902235292","-447.4942010780039","0.02155341142547748","15.241664859274705","9.857489145525252","5.384175713749453","1.54620153613799","9.857489145525252","236.2966775414019","-226.43918839587664","0.04171657954775139","0.511627906976744","0.525","-0.013372093023256038","0.9745293466223695","0.011000000000000001","0.0315","-0.020499999999999997","0.34920634920634924","0.0","0.8","-0.8","0.0","0.0","0.0","0.0","","0.0","0.4","-0.4","0.0","","","","","","","","","","","","","","","","","0.0","0.8","-0.8","0.0"
"194","187","arules","differentLengthRulesNeitherDisjunctNorSubsumingAtt","MOVIES","Rule 2 (strong preference)","arules","-2","1.0","2.0","-1.0","0.5","5","5","0","1.0","5","5","0","1.0","10","36","-26","0.2777777777777778","10","20","-10","0.5","10","18","-8","0.5555555555555556","16","10","6","1.6","0.0","0.0","0.0","","0.0","0.0","","9.857489145525252","457.3516902235292","-447.4942010780039","0.02155341142547748","15.241664859274705","9.857489145525252","5.384175713749453","1.54620153613799","9.857489145525252","236.2966775414019","-226.43918839587664","0.04171657954775139","0.511627906976744","0.525","-0.013372093023256038","0.9745293466223695","0.011000000000000001","0.0315","-0.020499999999999997","0.34920634920634924","0.0","0.8","-0.8","0.0","0.0","0.0","0.0","","0.0","0.4","-0.4","0.0","","","","","","","","","","","","","","","","","0.0","0.8","-0.8","0.0"
"194","187","arules","differentLengthRulesNeitherDisjunctNorSubsumingAtt","MOVIES","No preference","arules","0","1.0","2.0","-1.0","0.5","5","5","0","1.0","5","5","0","1.0","10","36","-26","0.2777777777777778","10","20","-10","0.5","10","18","-8","0.5555555555555556","16","10","6","1.6","0.0","0.0","0.0","","0.0","0.0","","9.857489145525252","457.3516902235292","-447.4942010780039","0.02155341142547748","15.241664859274705","9.857489145525252","5.384175713749453","1.54620153613799","9.857489145525252","236.2966775414019","-226.43918839587664","0.04171657954775139","0.511627906976744","0.525","-0.013372093023256038","0.9745293466223695","0.011000000000000001","0.0315","-0.020499999999999997","0.34920634920634924","0.0","0.8","-0.8","0.0","0.0","0.0","0.0","","0.0","0.4","-0.4","0.0","","","","","","","","","","","","","","","","","0.0","0.8","-0.8","0.0"
"194","187","arules","differentLengthRulesNeitherDisjunctNorSubsumingAtt","MOVIES","Rule 2 (weak preference)","arules","-1","1.0","2.0","-1.0","0.5","5","5","0","1.0","5","5","0","1.0","10","36","-26","0.2777777777777778","10","20","-10","0.5","10","18","-8","0.5555555555555556","16","10","6","1.6","0.0","0.0","0.0","","0.0","0.0","","9.857489145525252","457.3516902235292","-447.4942010780039","0.02155341142547748","15.241664859274705","9.857489145525252","5.384175713749453","1.54620153613799","9.857489145525252","236.2966775414019","-226.43918839587664","0.04171657954775139","0.511627906976744","0.525","-0.013372093023256038","0.9745293466223695","0.011000000000000001","0.0315","-0.020499999999999997","0.34920634920634924","0.0","0.8","-0.8","0.0","0.0","0.0","0.0","","0.0","0.4","-0.4","0.0","","","","","","","","","","","","","","","","","0.0","0.8","-0.8","0.0"
"20684","17172","InvertedHeuristics","differentLengthRulesNeitherDisjunctNorSubsumingAtt","MOVIES","No preference","dfInvertedHeuristics","0","1.0","2.0","-1.0","0.5","5","5","0","1.0","5","5","0","1.0","25","27","-2","0.9259259259259259","25","16","9","1.5625","25","13","12","1.9230769230769231","11","25","-14","0.44","0.0","0.0","0.0","","0.0","0.0","","3.8670564096429376","86.50873178380064","-82.6416753741577","0.0447013420484228","16.49754721019283","3.8670564096429376","12.630490800549893","4.266177025257338","3.8670564096429376","51.503139496996745","-47.63608308735381","0.07508389677620397","0.946","0.938","0.008000000000000007","1.0085287846481876","","","","","0.6","0.0","0.6","","0.0","0.6","-0.6","0.0","0.6","0.0","0.6","","","","","","","","","","","","","","","","","","0.6","0.0","0.6",""
"20684","17172","InvertedHeuristics","differentLengthRulesNeitherDisjunctNorSubsumingAtt","MOVIES","Rule 1 (weak preference)","dfInvertedHeuristics","1","1.0","2.0","-1.0","0.5","5","5","0","1.0","5","5","0","1.0","25","27","-2","0.9259259259259259","25","16","9","1.5625","25","13","12","1.9230769230769231","11","25","-14","0.44","0.0","0.0","0.0","","0.0","0.0","","3.8670564096429376","86.50873178380064","-82.6416753741577","0.0447013420484228","16.49754721019283","3.8670564096429376","12.630490800549893","4.266177025257338","3.8670564096429376","51.503139496996745","-47.63608308735381","0.07508389677620397","0.946","0.938","0.008000000000000007","1.0085287846481876","","","","","0.6","0.0","0.6","","0.0","0.6","-0.6","0.0","0.6","0.0","0.6","","","","","","","","","","","","","","","","","","0.6","0.0","0.6",""
"20684","17172","InvertedHeuristics","differentLengthRulesNeitherDisjunctNorSubsumingAtt","MOVIES","Rule 1 (weak preference)","dfInvertedHeuristics","1","1.0","2.0","-1.0","0.5","5","5","0","1.0","5","5","0","1.0","25","27","-2","0.9259259259259259","25","16","9","1.5625","25","13","12","1.9230769230769231","11","25","-14","0.44","0.0","0.0","0.0","","0.0","0.0","","3.8670564096429376","86.50873178380064","-82.6416753741577","0.0447013420484228","16.49754721019283","3.8670564096429376","12.630490800549893","4.266177025257338","3.8670564096429376","51.503139496996745","-47.63608308735381","0.07508389677620397","0.946","0.938","0.008000000000000007","1.0085287846481876","","","","","0.6","0.0","0.6","","0.0","0.6","-0.6","0.0","0.6","0.0","0.6","","","","","","","","","","","","","","","","","","0.6","0.0","0.6",""
"20684","17172","InvertedHeuristics","differentLengthRulesNeitherDisjunctNorSubsumingAtt","MOVIES","Rule 1 (strong preference)","dfInvertedHeuristics","2","1.0","2.0","-1.0","0.5","5","5","0","1.0","5","5","0","1.0","25","27","-2","0.9259259259259259","25","16","9","1.5625","25","13","12","1.9230769230769231","11","25","-14","0.44","0.0","0.0","0.0","","0.0","0.0","","3.8670564096429376","86.50873178380064","-82.6416753741577","0.0447013420484228","16.49754721019283","3.8670564096429376","12.630490800549893","4.266177025257338","3.8670564096429376","51.503139496996745","-47.63608308735381","0.07508389677620397","0.946","0.938","0.008000000000000007","1.0085287846481876","","","","","0.6","0.0","0.6","","0.0","0.6","-0.6","0.0","0.6","0.0","0.6","","","","","","","","","","","","","","","","","","0.6","0.0","0.6",""
"20684","17172","InvertedHeuristics","differentLengthRulesNeitherDisjunctNorSubsumingAtt","MOVIES","Rule 1 (weak preference)","dfInvertedHeuristics","1","1.0","2.0","-1.0","0.5","5","5","0","1.0","5","5","0","1.0","25","27","-2","0.9259259259259259","25","16","9","1.5625","25","13","12","1.9230769230769231","11","25","-14","0.44","0.0","0.0","0.0","","0.0","0.0","","3.8670564096429376","86.50873178380064","-82.6416753741577","0.0447013420484228","16.49754721019283","3.8670564096429376","12.630490800549893","4.266177025257338","3.8670564096429376","51.503139496996745","-47.63608308735381","0.07508389677620397","0.946","0.938","0.008000000000000007","1.0085287846481876","","","","","0.6","0.0","0.6","","0.0","0.6","-0.6","0.0","0.6","0.0","0.6","","","","","","","","","","","","","","","","","","0.6","0.0","0.6",""
"181","189","arules","differentLengthRulesNeitherDisjunctNorSubsumingAtt","MOVIES","Rule 1 (strong preference)","arules","2","2.0","1.0","1.0","2.0","5","5","0","1.0","5","5","0","1.0","30","24","6","1.25","20","24","-4","0.8333333333333334","15","24","-9","0.625","24","10","14","2.4","0.0","0.0","0.0","","0.0","0.0","","457.3516902235292","12.81672636786766","444.53496385566154","35.6839708593716","12.81672636786766","34.88007234789646","-22.0633459800288","0.367451255262107","246.11588128571282","12.81672636786766","233.29915491784516","19.202710132186393","0.531914893617021","0.5185185185185179","0.01339637509850311","1.0258358662613989","0.0125","0.013999999999999999","-0.0014999999999999979","0.892857142857143","0.0","-0.2","0.2","-0.0","-0.2","-0.8","0.6000000000000001","0.25","-0.4","-0.2","-0.2","2.0","","","","","","","","","","","","","","","","","-0.8","-0.2","-0.6000000000000001","4.0"
"181","189","arules","differentLengthRulesNeitherDisjunctNorSubsumingAtt","MOVIES","Rule 1 (weak preference)","arules","1","2.0","1.0","1.0","2.0","5","5","0","1.0","5","5","0","1.0","30","24","6","1.25","20","24","-4","0.8333333333333334","15","24","-9","0.625","24","10","14","2.4","0.0","0.0","0.0","","0.0","0.0","","457.3516902235292","12.81672636786766","444.53496385566154","35.6839708593716","12.81672636786766","34.88007234789646","-22.0633459800288","0.367451255262107","246.11588128571282","12.81672636786766","233.29915491784516","19.202710132186393","0.531914893617021","0.5185185185185179","0.01339637509850311","1.0258358662613989","0.0125","0.013999999999999999","-0.0014999999999999979","0.892857142857143","0.0","-0.2","0.2","-0.0","-0.2","-0.8","0.6000000000000001","0.25","-0.4","-0.2","-0.2","2.0","","","","","","","","","","","","","","","","","-0.8","-0.2","-0.6000000000000001","4.0"
"181","189","arules","differentLengthRulesNeitherDisjunctNorSubsumingAtt","MOVIES","Rule 2 (weak preference)","arules","-1","2.0","1.0","1.0","2.0","5","5","0","1.0","5","5","0","1.0","30","24","6","1.25","20","24","-4","0.8333333333333334","15","24","-9","0.625","24","10","14","2.4","0.0","0.0","0.0","","0.0","0.0","","457.3516902235292","12.81672636786766","444.53496385566154","35.6839708593716","12.81672636786766","34.88007234789646","-22.0633459800288","0.367451255262107","246.11588128571282","12.81672636786766","233.29915491784516","19.202710132186393","0.531914893617021","0.5185185185185179","0.01339637509850311","1.0258358662613989","0.0125","0.013999999999999999","-0.0014999999999999979","0.892857142857143","0.0","-0.2","0.2","-0.0","-0.2","-0.8","0.6000000000000001","0.25","-0.4","-0.2","-0.2","2.0","","","","","","","","","","","","","","","","","-0.8","-0.2","-0.6000000000000001","4.0"
"181","189","arules","differentLengthRulesNeitherDisjunctNorSubsumingAtt","MOVIES","No preference","arules","0","2.0","1.0","1.0","2.0","5","5","0","1.0","5","5","0","1.0","30","24","6","1.25","20","24","-4","0.8333333333333334","15","24","-9","0.625","24","10","14","2.4","0.0","0.0","0.0","","0.0","0.0","","457.3516902235292","12.81672636786766","444.53496385566154","35.6839708593716","12.81672636786766","34.88007234789646","-22.0633459800288","0.367451255262107","246.11588128571282","12.81672636786766","233.29915491784516","19.202710132186393","0.531914893617021","0.5185185185185179","0.01339637509850311","1.0258358662613989","0.0125","0.013999999999999999","-0.0014999999999999979","0.892857142857143","0.0","-0.2","0.2","-0.0","-0.2","-0.8","0.6000000000000001","0.25","-0.4","-0.2","-0.2","2.0","","","","","","","","","","","","","","","","","-0.8","-0.2","-0.6000000000000001","4.0"
"181","189","arules","differentLengthRulesNeitherDisjunctNorSubsumingAtt","MOVIES","Rule 1 (strong preference)","arules","2","2.0","1.0","1.0","2.0","5","5","0","1.0","5","5","0","1.0","30","24","6","1.25","20","24","-4","0.8333333333333334","15","24","-9","0.625","24","10","14","2.4","0.0","0.0","0.0","","0.0","0.0","","457.3516902235292","12.81672636786766","444.53496385566154","35.6839708593716","12.81672636786766","34.88007234789646","-22.0633459800288","0.367451255262107","246.11588128571282","12.81672636786766","233.29915491784516","19.202710132186393","0.531914893617021","0.5185185185185179","0.01339637509850311","1.0258358662613989","0.0125","0.013999999999999999","-0.0014999999999999979","0.892857142857143","0.0","-0.2","0.2","-0.0","-0.2","-0.8","0.6000000000000001","0.25","-0.4","-0.2","-0.2","2.0","","","","","","","","","","","","","","","","","-0.8","-0.2","-0.6000000000000001","4.0"
"182","187","arules","differentLengthRulesNeitherDisjunctNorSubsumingAtt","MOVIES","Rule 2 (weak preference)","arules","-1","1.0","2.0","-1.0","0.5","5","5","0","1.0","5","5","0","1.0","21","36","-15","0.5833333333333334","21","20","1","1.05","21","18","3","1.1666666666666667","16","21","-5","0.7619047619047619","0.0","0.0","0.0","","0.0","0.0","","58.60766432364911","457.3516902235292","-398.7440258998801","0.12814572587455575","15.241664859274705","58.60766432364911","-43.365999464374404","0.26006265622710467","58.60766432364911","236.2966775414019","-177.68901321775277","0.24802576546333527","0.530201342281879","0.525","0.005201342281878962","1.0099073186321503","0.0395","0.0315","0.008","1.253968253968254","0.6","0.8","-0.20000000000000007","0.7499999999999999","0.0","0.6","-0.6","0.0","0.6","0.4","0.19999999999999996","1.4999999999999998","","","","","","","","","","","","","","","","","0.6","0.8","-0.20000000000000007","0.7499999999999999"
"182","187","arules","differentLengthRulesNeitherDisjunctNorSubsumingAtt","MOVIES","Rule 1 (weak preference)","arules","1","1.0","2.0","-1.0","0.5","5","5","0","1.0","5","5","0","1.0","21","36","-15","0.5833333333333334","21","20","1","1.05","21","18","3","1.1666666666666667","16","21","-5","0.7619047619047619","0.0","0.0","0.0","","0.0","0.0","","58.60766432364911","457.3516902235292","-398.7440258998801","0.12814572587455575","15.241664859274705","58.60766432364911","-43.365999464374404","0.26006265622710467","58.60766432364911","236.2966775414019","-177.68901321775277","0.24802576546333527","0.530201342281879","0.525","0.005201342281878962","1.0099073186321503","0.0395","0.0315","0.008","1.253968253968254","0.6","0.8","-0.20000000000000007","0.7499999999999999","0.0","0.6","-0.6","0.0","0.6","0.4","0.19999999999999996","1.4999999999999998","","","","","","","","","","","","","","","","","0.6","0.8","-0.20000000000000007","0.7499999999999999"
"182","187","arules","differentLengthRulesNeitherDisjunctNorSubsumingAtt","MOVIES","Rule 2 (weak preference)","arules","-1","1.0","2.0","-1.0","0.5","5","5","0","1.0","5","5","0","1.0","21","36","-15","0.5833333333333334","21","20","1","1.05","21","18","3","1.1666666666666667","16","21","-5","0.7619047619047619","0.0","0.0","0.0","","0.0","0.0","","58.60766432364911","457.3516902235292","-398.7440258998801","0.12814572587455575","15.241664859274705","58.60766432364911","-43.365999464374404","0.26006265622710467","58.60766432364911","236.2966775414019","-177.68901321775277","0.24802576546333527","0.530201342281879","0.525","0.005201342281878962","1.0099073186321503","0.0395","0.0315","0.008","1.253968253968254","0.6","0.8","-0.20000000000000007","0.7499999999999999","0.0","0.6","-0.6","0.0","0.6","0.4","0.19999999999999996","1.4999999999999998","","","","","","","","","","","","","","","","","0.6","0.8","-0.20000000000000007","0.7499999999999999"
"182","187","arules","differentLengthRulesNeitherDisjunctNorSubsumingAtt","MOVIES","No preference","arules","0","1.0","2.0","-1.0","0.5","5","5","0","1.0","5","5","0","1.0","21","36","-15","0.5833333333333334","21","20","1","1.05","21","18","3","1.1666666666666667","16","21","-5","0.7619047619047619","0.0","0.0","0.0","","0.0","0.0","","58.60766432364911","457.3516902235292","-398.7440258998801","0.12814572587455575","15.241664859274705","58.60766432364911","-43.365999464374404","0.26006265622710467","58.60766432364911","236.2966775414019","-177.68901321775277","0.24802576546333527","0.530201342281879","0.525","0.005201342281878962","1.0099073186321503","0.0395","0.0315","0.008","1.253968253968254","0.6","0.8","-0.20000000000000007","0.7499999999999999","0.0","0.6","-0.6","0.0","0.6","0.4","0.19999999999999996","1.4999999999999998","","","","","","","","","","","","","","","","","0.6","0.8","-0.20000000000000007","0.7499999999999999"
"182","187","arules","differentLengthRulesNeitherDisjunctNorSubsumingAtt","MOVIES","Rule 2 (weak preference)","arules","-1","1.0","2.0","-1.0","0.5","5","5","0","1.0","5","5","0","1.0","21","36","-15","0.5833333333333334","21","20","1","1.05","21","18","3","1.1666666666666667","16","21","-5","0.7619047619047619","0.0","0.0","0.0","","0.0","0.0","","58.60766432364911","457.3516902235292","-398.7440258998801","0.12814572587455575","15.241664859274705","58.60766432364911","-43.365999464374404","0.26006265622710467","58.60766432364911","236.2966775414019","-177.68901321775277","0.24802576546333527","0.530201342281879","0.525","0.005201342281878962","1.0099073186321503","0.0395","0.0315","0.008","1.253968253968254","0.6","0.8","-0.20000000000000007","0.7499999999999999","0.0","0.6","-0.6","0.0","0.6","0.4","0.19999999999999996","1.4999999999999998","","","","","","","","","","","","","","","","","0.6","0.8","-0.20000000000000007","0.7499999999999999"
"78742","22806","InvertedHeuristics","differentLengthRulesNeitherDisjunctNorSubsumingAtt","MOVIES","No preference","dfInvertedHeuristics","0","2.0","3.0","-1.0","0.6666666666666666","5","5","0","1.0","5","5","0","1.0","40","60","-20","0.6666666666666666","21","21","0","1.0","20","20","0","1.0","19","19","0","1.0","0.0","0.0","0.0","","0.0","0.0","","12.576910726313393","457.3516902235292","-444.77477949721583","0.027499429859254413","11.921457859895467","11.921457859895467","0.0","1.0","12.249184293104431","160.61668626991266","-148.36750197680823","0.07626346040111896","0.88","0.87","0.010000000000000009","1.0114942528735633","","","","","-0.2","-0.2","0.0","1.0","-0.8","-0.4","-0.4","2.0","-0.30000000000000004","-0.4666666666666667","0.16666666666666663","0.6428571428571429","","","","","","","","","","","","","","","","","-0.6000000000000001","-1.4","0.7999999999999998","0.42857142857142866"
"78742","22806","InvertedHeuristics","differentLengthRulesNeitherDisjunctNorSubsumingAtt","MOVIES","No preference","dfInvertedHeuristics","0","2.0","3.0","-1.0","0.6666666666666666","5","5","0","1.0","5","5","0","1.0","40","60","-20","0.6666666666666666","21","21","0","1.0","20","20","0","1.0","19","19","0","1.0","0.0","0.0","0.0","","0.0","0.0","","12.576910726313393","457.3516902235292","-444.77477949721583","0.027499429859254413","11.921457859895467","11.921457859895467","0.0","1.0","12.249184293104431","160.61668626991266","-148.36750197680823","0.07626346040111896","0.88","0.87","0.010000000000000009","1.0114942528735633","","","","","-0.2","-0.2","0.0","1.0","-0.8","-0.4","-0.4","2.0","-0.30000000000000004","-0.4666666666666667","0.16666666666666663","0.6428571428571429","","","","","","","","","","","","","","","","","-0.6000000000000001","-1.4","0.7999999999999998","0.42857142857142866"
"78742","22806","InvertedHeuristics","differentLengthRulesNeitherDisjunctNorSubsumingAtt","MOVIES","Rule 1 (weak preference)","dfInvertedHeuristics","1","2.0","3.0","-1.0","0.6666666666666666","5","5","0","1.0","5","5","0","1.0","40","60","-20","0.6666666666666666","21","21","0","1.0","20","20","0","1.0","19","19","0","1.0","0.0","0.0","0.0","","0.0","0.0","","12.576910726313393","457.3516902235292","-444.77477949721583","0.027499429859254413","11.921457859895467","11.921457859895467","0.0","1.0","12.249184293104431","160.61668626991266","-148.36750197680823","0.07626346040111896","0.88","0.87","0.010000000000000009","1.0114942528735633","","","","","-0.2","-0.2","0.0","1.0","-0.8","-0.4","-0.4","2.0","-0.30000000000000004","-0.4666666666666667","0.16666666666666663","0.6428571428571429","","","","","","","","","","","","","","","","","-0.6000000000000001","-1.4","0.7999999999999998","0.42857142857142866"
"78742","22806","InvertedHeuristics","differentLengthRulesNeitherDisjunctNorSubsumingAtt","MOVIES","No preference","dfInvertedHeuristics","0","2.0","3.0","-1.0","0.6666666666666666","5","5","0","1.0","5","5","0","1.0","40","60","-20","0.6666666666666666","21","21","0","1.0","20","20","0","1.0","19","19","0","1.0","0.0","0.0","0.0","","0.0","0.0","","12.576910726313393","457.3516902235292","-444.77477949721583","0.027499429859254413","11.921457859895467","11.921457859895467","0.0","1.0","12.249184293104431","160.61668626991266","-148.36750197680823","0.07626346040111896","0.88","0.87","0.010000000000000009","1.0114942528735633","","","","","-0.2","-0.2","0.0","1.0","-0.8","-0.4","-0.4","2.0","-0.30000000000000004","-0.4666666666666667","0.16666666666666663","0.6428571428571429","","","","","","","","","","","","","","","","","-0.6000000000000001","-1.4","0.7999999999999998","0.42857142857142866"
"78742","22806","InvertedHeuristics","differentLengthRulesNeitherDisjunctNorSubsumingAtt","MOVIES","Rule 2 (weak preference)","dfInvertedHeuristics","-1","2.0","3.0","-1.0","0.6666666666666666","5","5","0","1.0","5","5","0","1.0","40","60","-20","0.6666666666666666","21","21","0","1.0","20","20","0","1.0","19","19","0","1.0","0.0","0.0","0.0","","0.0","0.0","","12.576910726313393","457.3516902235292","-444.77477949721583","0.027499429859254413","11.921457859895467","11.921457859895467","0.0","1.0","12.249184293104431","160.61668626991266","-148.36750197680823","0.07626346040111896","0.88","0.87","0.010000000000000009","1.0114942528735633","","","","","-0.2","-0.2","0.0","1.0","-0.8","-0.4","-0.4","2.0","-0.30000000000000004","-0.4666666666666667","0.16666666666666663","0.6428571428571429","","","","","","","","","","","","","","","","","-0.6000000000000001","-1.4","0.7999999999999998","0.42857142857142866"
"21811","29440","InvertedHeuristics","differentLengthRulesNeitherDisjunctNorSubsumingAtt","MOVIES","Rule 1 (strong preference)","dfInvertedHeuristics","2","1.0","2.0","-1.0","0.5","5","5","0","1.0","5","5","0","1.0","64","26","38","2.4615384615384617","64","16","48","4.0","64","13","51","4.923076923076923","10","64","-54","0.15625","0.0","0.0","0.0","","0.0","0.0","","2.413044868355199","33.90559321901641","-31.49254835066121","0.07116952217198813","33.34730957589305","2.413044868355199","30.93426470753785","13.819597809063342","2.413044868355199","33.62645139745473","-31.21340652909953","0.07176031867989045","1.0","0.778","0.22199999999999998","1.2853470437017995","","","","","1.8","0.0","1.8","","-0.2","1.8","-2.0","-0.11111111111111112","1.8","-0.1","1.9000000000000001","-18.0","","","","","","","","","","","","","","","","","1.8","-0.2","2.0","-9.0"
"21811","29440","InvertedHeuristics","differentLengthRulesNeitherDisjunctNorSubsumingAtt","MOVIES","Rule 1 (weak preference)","dfInvertedHeuristics","1","1.0","2.0","-1.0","0.5","5","5","0","1.0","5","5","0","1.0","64","26","38","2.4615384615384617","64","16","48","4.0","64","13","51","4.923076923076923","10","64","-54","0.15625","0.0","0.0","0.0","","0.0","0.0","","2.413044868355199","33.90559321901641","-31.49254835066121","0.07116952217198813","33.34730957589305","2.413044868355199","30.93426470753785","13.819597809063342","2.413044868355199","33.62645139745473","-31.21340652909953","0.07176031867989045","1.0","0.778","0.22199999999999998","1.2853470437017995","","","","","1.8","0.0","1.8","","-0.2","1.8","-2.0","-0.11111111111111112","1.8","-0.1","1.9000000000000001","-18.0","","","","","","","","","","","","","","","","","1.8","-0.2","2.0","-9.0"
"21811","29440","InvertedHeuristics","differentLengthRulesNeitherDisjunctNorSubsumingAtt","MOVIES","Rule 1 (weak preference)","dfInvertedHeuristics","1","1.0","2.0","-1.0","0.5","5","5","0","1.0","5","5","0","1.0","64","26","38","2.4615384615384617","64","16","48","4.0","64","13","51","4.923076923076923","10","64","-54","0.15625","0.0","0.0","0.0","","0.0","0.0","","2.413044868355199","33.90559321901641","-31.49254835066121","0.07116952217198813","33.34730957589305","2.413044868355199","30.93426470753785","13.819597809063342","2.413044868355199","33.62645139745473","-31.21340652909953","0.07176031867989045","1.0","0.778","0.22199999999999998","1.2853470437017995","","","","","1.8","0.0","1.8","","-0.2","1.8","-2.0","-0.11111111111111112","1.8","-0.1","1.9000000000000001","-18.0","","","","","","","","","","","","","","","","","1.8","-0.2","2.0","-9.0"
"21811","29440","InvertedHeuristics","differentLengthRulesNeitherDisjunctNorSubsumingAtt","MOVIES","Rule 1 (strong preference)","dfInvertedHeuristics","2","1.0","2.0","-1.0","0.5","5","5","0","1.0","5","5","0","1.0","64","26","38","2.4615384615384617","64","16","48","4.0","64","13","51","4.923076923076923","10","64","-54","0.15625","0.0","0.0","0.0","","0.0","0.0","","2.413044868355199","33.90559321901641","-31.49254835066121","0.07116952217198813","33.34730957589305","2.413044868355199","30.93426470753785","13.819597809063342","2.413044868355199","33.62645139745473","-31.21340652909953","0.07176031867989045","1.0","0.778","0.22199999999999998","1.2853470437017995","","","","","1.8","0.0","1.8","","-0.2","1.8","-2.0","-0.11111111111111112","1.8","-0.1","1.9000000000000001","-18.0","","","","","","","","","","","","","","","","","1.8","-0.2","2.0","-9.0"
"21811","29440","InvertedHeuristics","differentLengthRulesNeitherDisjunctNorSubsumingAtt","MOVIES","Rule 1 (strong preference)","dfInvertedHeuristics","2","1.0","2.0","-1.0","0.5","5","5","0","1.0","5","5","0","1.0","64","26","38","2.4615384615384617","64","16","48","4.0","64","13","51","4.923076923076923","10","64","-54","0.15625","0.0","0.0","0.0","","0.0","0.0","","2.413044868355199","33.90559321901641","-31.49254835066121","0.07116952217198813","33.34730957589305","2.413044868355199","30.93426470753785","13.819597809063342","2.413044868355199","33.62645139745473","-31.21340652909953","0.07176031867989045","1.0","0.778","0.22199999999999998","1.2853470437017995","","","","","1.8","0.0","1.8","","-0.2","1.8","-2.0","-0.11111111111111112","1.8","-0.1","1.9000000000000001","-18.0","","","","","","","","","","","","","","","","","1.8","-0.2","2.0","-9.0"
"29429","29685","InvertedHeuristics","differentLengthRulesNeitherDisjunctNorSubsumingAtt","MOVIES","Rule 1 (strong preference)","dfInvertedHeuristics","2","2.0","1.0","1.0","2.0","5","5","0","1.0","5","5","0","1.0","43","17","26","2.5294117647058822","23","17","6","1.3529411764705883","21","17","4","1.2352941176470589","17","20","-3","0.85","0.0","0.0","0.0","","0.0","0.0","","457.3516902235292","0.2009392724000679","457.1507509511291","2276.069206187564","0.2009392724000679","8.839812940473667","-8.638873668073598","0.022731167927779804","233.0957515820014","0.2009392724000679","232.89481230960135","1160.0308331858112","0.846","0.882","-0.03600000000000003","0.9591836734693877","","","","","-0.4","0.2","-0.6000000000000001","-2.0","0.2","-0.8","1.0","-0.25","-0.6000000000000001","0.2","-0.8","-3.0000000000000004","","","","","","","","","","","","","","","","","-1.2000000000000002","0.2","-1.4000000000000001","-6.000000000000001"
"29429","29685","InvertedHeuristics","differentLengthRulesNeitherDisjunctNorSubsumingAtt","MOVIES","Rule 1 (weak preference)","dfInvertedHeuristics","1","2.0","1.0","1.0","2.0","5","5","0","1.0","5","5","0","1.0","43","17","26","2.5294117647058822","23","17","6","1.3529411764705883","21","17","4","1.2352941176470589","17","20","-3","0.85","0.0","0.0","0.0","","0.0","0.0","","457.3516902235292","0.2009392724000679","457.1507509511291","2276.069206187564","0.2009392724000679","8.839812940473667","-8.638873668073598","0.022731167927779804","233.0957515820014","0.2009392724000679","232.89481230960135","1160.0308331858112","0.846","0.882","-0.03600000000000003","0.9591836734693877","","","","","-0.4","0.2","-0.6000000000000001","-2.0","0.2","-0.8","1.0","-0.25","-0.6000000000000001","0.2","-0.8","-3.0000000000000004","","","","","","","","","","","","","","","","","-1.2000000000000002","0.2","-1.4000000000000001","-6.000000000000001"
"29429","29685","InvertedHeuristics","differentLengthRulesNeitherDisjunctNorSubsumingAtt","MOVIES","No preference","dfInvertedHeuristics","0","2.0","1.0","1.0","2.0","5","5","0","1.0","5","5","0","1.0","43","17","26","2.5294117647058822","23","17","6","1.3529411764705883","21","17","4","1.2352941176470589","17","20","-3","0.85","0.0","0.0","0.0","","0.0","0.0","","457.3516902235292","0.2009392724000679","457.1507509511291","2276.069206187564","0.2009392724000679","8.839812940473667","-8.638873668073598","0.022731167927779804","233.0957515820014","0.2009392724000679","232.89481230960135","1160.0308331858112","0.846","0.882","-0.03600000000000003","0.9591836734693877","","","","","-0.4","0.2","-0.6000000000000001","-2.0","0.2","-0.8","1.0","-0.25","-0.6000000000000001","0.2","-0.8","-3.0000000000000004","","","","","","","","","","","","","","","","","-1.2000000000000002","0.2","-1.4000000000000001","-6.000000000000001"
"29429","29685","InvertedHeuristics","differentLengthRulesNeitherDisjunctNorSubsumingAtt","MOVIES","No preference","dfInvertedHeuristics","0","2.0","1.0","1.0","2.0","5","5","0","1.0","5","5","0","1.0","43","17","26","2.5294117647058822","23","17","6","1.3529411764705883","21","17","4","1.2352941176470589","17","20","-3","0.85","0.0","0.0","0.0","","0.0","0.0","","457.3516902235292","0.2009392724000679","457.1507509511291","2276.069206187564","0.2009392724000679","8.839812940473667","-8.638873668073598","0.022731167927779804","233.0957515820014","0.2009392724000679","232.89481230960135","1160.0308331858112","0.846","0.882","-0.03600000000000003","0.9591836734693877","","","","","-0.4","0.2","-0.6000000000000001","-2.0","0.2","-0.8","1.0","-0.25","-0.6000000000000001","0.2","-0.8","-3.0000000000000004","","","","","","","","","","","","","","","","","-1.2000000000000002","0.2","-1.4000000000000001","-6.000000000000001"
"29429","29685","InvertedHeuristics","differentLengthRulesNeitherDisjunctNorSubsumingAtt","MOVIES","Rule 1 (strong preference)","dfInvertedHeuristics","2","2.0","1.0","1.0","2.0","5","5","0","1.0","5","5","0","1.0","43","17","26","2.5294117647058822","23","17","6","1.3529411764705883","21","17","4","1.2352941176470589","17","20","-3","0.85","0.0","0.0","0.0","","0.0","0.0","","457.3516902235292","0.2009392724000679","457.1507509511291","2276.069206187564","0.2009392724000679","8.839812940473667","-8.638873668073598","0.022731167927779804","233.0957515820014","0.2009392724000679","232.89481230960135","1160.0308331858112","0.846","0.882","-0.03600000000000003","0.9591836734693877","","","","","-0.4","0.2","-0.6000000000000001","-2.0","0.2","-0.8","1.0","-0.25","-0.6000000000000001","0.2","-0.8","-3.0000000000000004","","","","","","","","","","","","","","","","","-1.2000000000000002","0.2","-1.4000000000000001","-6.000000000000001"
"39476","17092","InvertedHeuristics","differentLengthRulesNeitherDisjunctNorSubsumingAtt","MOVIES","Rule 2 (strong preference)","dfInvertedHeuristics","-2","2.0","1.0","1.0","2.0","5","5","0","1.0","5","5","0","1.0","48","28","20","1.7142857142857142","28","28","0","1.0","24","28","-4","0.8571428571428571","28","20","8","1.4","0.0","0.0","0.0","","0.0","0.0","","457.3516902235292","6.402964711393093","450.9487255121361","71.4281135127517","6.402964711393093","6.402964711393093","0.0","1.0","231.87732746746116","6.402964711393093","225.47436275606807","36.21405675637585","0.813","0.813","0.0","1.0","","","","","0.0","0.0","0.0","","0.0","-0.8","0.8","-0.0","-0.4","0.0","-0.4","-inf","","","","","","","","","","","","","","","","","-0.8","0.0","-0.8","-inf"
"39476","17092","InvertedHeuristics","differentLengthRulesNeitherDisjunctNorSubsumingAtt","MOVIES","Rule 2 (weak preference)","dfInvertedHeuristics","-1","2.0","1.0","1.0","2.0","5","5","0","1.0","5","5","0","1.0","48","28","20","1.7142857142857142","28","28","0","1.0","24","28","-4","0.8571428571428571","28","20","8","1.4","0.0","0.0","0.0","","0.0","0.0","","457.3516902235292","6.402964711393093","450.9487255121361","71.4281135127517","6.402964711393093","6.402964711393093","0.0","1.0","231.87732746746116","6.402964711393093","225.47436275606807","36.21405675637585","0.813","0.813","0.0","1.0","","","","","0.0","0.0","0.0","","0.0","-0.8","0.8","-0.0","-0.4","0.0","-0.4","-inf","","","","","","","","","","","","","","","","","-0.8","0.0","-0.8","-inf"
"39476","17092","InvertedHeuristics","differentLengthRulesNeitherDisjunctNorSubsumingAtt","MOVIES","Rule 2 (weak preference)","dfInvertedHeuristics","-1","2.0","1.0","1.0","2.0","5","5","0","1.0","5","5","0","1.0","48","28","20","1.7142857142857142","28","28","0","1.0","24","28","-4","0.8571428571428571","28","20","8","1.4","0.0","0.0","0.0","","0.0","0.0","","457.3516902235292","6.402964711393093","450.9487255121361","71.4281135127517","6.402964711393093","6.402964711393093","0.0","1.0","231.87732746746116","6.402964711393093","225.47436275606807","36.21405675637585","0.813","0.813","0.0","1.0","","","","","0.0","0.0","0.0","","0.0","-0.8","0.8","-0.0","-0.4","0.0","-0.4","-inf","","","","","","","","","","","","","","","","","-0.8","0.0","-0.8","-inf"
"39476","17092","InvertedHeuristics","differentLengthRulesNeitherDisjunctNorSubsumingAtt","MOVIES","No preference","dfInvertedHeuristics","0","2.0","1.0","1.0","2.0","5","5","0","1.0","5","5","0","1.0","48","28","20","1.7142857142857142","28","28","0","1.0","24","28","-4","0.8571428571428571","28","20","8","1.4","0.0","0.0","0.0","","0.0","0.0","","457.3516902235292","6.402964711393093","450.9487255121361","71.4281135127517","6.402964711393093","6.402964711393093","0.0","1.0","231.87732746746116","6.402964711393093","225.47436275606807","36.21405675637585","0.813","0.813","0.0","1.0","","","","","0.0","0.0","0.0","","0.0","-0.8","0.8","-0.0","-0.4","0.0","-0.4","-inf","","","","","","","","","","","","","","","","","-0.8","0.0","-0.8","-inf"
"39476","17092","InvertedHeuristics","differentLengthRulesNeitherDisjunctNorSubsumingAtt","MOVIES","Rule 1 (weak preference)","dfInvertedHeuristics","1","2.0","1.0","1.0","2.0","5","5","0","1.0","5","5","0","1.0","48","28","20","1.7142857142857142","28","28","0","1.0","24","28","-4","0.8571428571428571","28","20","8","1.4","0.0","0.0","0.0","","0.0","0.0","","457.3516902235292","6.402964711393093","450.9487255121361","71.4281135127517","6.402964711393093","6.402964711393093","0.0","1.0","231.87732746746116","6.402964711393093","225.47436275606807","36.21405675637585","0.813","0.813","0.0","1.0","","","","","0.0","0.0","0.0","","0.0","-0.8","0.8","-0.0","-0.4","0.0","-0.4","-inf","","","","","","","","","","","","","","","","","-0.8","0.0","-0.8","-inf"
"195","180","arules","differentLengthRulesNeitherDisjunctNorSubsumingAtt","MOVIES","Rule 1 (strong preference)","arules","2","2.0","1.0","1.0","2.0","5","5","0","1.0","5","5","0","1.0","44","10","34","4.4","24","10","14","2.4","22","10","12","2.2","10","20","-10","0.5","0.0","0.0","0.0","","0.0","0.0","","457.3516902235292","23.52629896916389","433.8253912543653","19.44001862864124","23.52629896916389","12.81672636786766","10.709572601296228","1.835593449833321","235.0842082956984","23.52629896916389","211.5579093265345","9.992400785343465","0.511627906976744","0.534090909090909","-0.022463002114164965","0.9579416130628401","0.011000000000000001","0.0235","-0.012499999999999999","0.4680851063829788","0.8","0.0","0.8","","0.0","0.2","-0.2","0.0","0.5","0.0","0.5","","","","","","","","","","","","","","","","","","1.0","0.0","1.0",""
"195","180","arules","differentLengthRulesNeitherDisjunctNorSubsumingAtt","MOVIES","Rule 2 (strong preference)","arules","-2","2.0","1.0","1.0","2.0","5","5","0","1.0","5","5","0","1.0","44","10","34","4.4","24","10","14","2.4","22","10","12","2.2","10","20","-10","0.5","0.0","0.0","0.0","","0.0","0.0","","457.3516902235292","23.52629896916389","433.8253912543653","19.44001862864124","23.52629896916389","12.81672636786766","10.709572601296228","1.835593449833321","235.0842082956984","23.52629896916389","211.5579093265345","9.992400785343465","0.511627906976744","0.534090909090909","-0.022463002114164965","0.9579416130628401","0.011000000000000001","0.0235","-0.012499999999999999","0.4680851063829788","0.8","0.0","0.8","","0.0","0.2","-0.2","0.0","0.5","0.0","0.5","","","","","","","","","","","","","","","","","","1.0","0.0","1.0",""
"195","180","arules","differentLengthRulesNeitherDisjunctNorSubsumingAtt","MOVIES","Rule 2 (weak preference)","arules","-1","2.0","1.0","1.0","2.0","5","5","0","1.0","5","5","0","1.0","44","10","34","4.4","24","10","14","2.4","22","10","12","2.2","10","20","-10","0.5","0.0","0.0","0.0","","0.0","0.0","","457.3516902235292","23.52629896916389","433.8253912543653","19.44001862864124","23.52629896916389","12.81672636786766","10.709572601296228","1.835593449833321","235.0842082956984","23.52629896916389","211.5579093265345","9.992400785343465","0.511627906976744","0.534090909090909","-0.022463002114164965","0.9579416130628401","0.011000000000000001","0.0235","-0.012499999999999999","0.4680851063829788","0.8","0.0","0.8","","0.0","0.2","-0.2","0.0","0.5","0.0","0.5","","","","","","","","","","","","","","","","","","1.0","0.0","1.0",""
"195","180","arules","differentLengthRulesNeitherDisjunctNorSubsumingAtt","MOVIES","No preference","arules","0","2.0","1.0","1.0","2.0","5","5","0","1.0","5","5","0","1.0","44","10","34","4.4","24","10","14","2.4","22","10","12","2.2","10","20","-10","0.5","0.0","0.0","0.0","","0.0","0.0","","457.3516902235292","23.52629896916389","433.8253912543653","19.44001862864124","23.52629896916389","12.81672636786766","10.709572601296228","1.835593449833321","235.0842082956984","23.52629896916389","211.5579093265345","9.992400785343465","0.511627906976744","0.534090909090909","-0.022463002114164965","0.9579416130628401","0.011000000000000001","0.0235","-0.012499999999999999","0.4680851063829788","0.8","0.0","0.8","","0.0","0.2","-0.2","0.0","0.5","0.0","0.5","","","","","","","","","","","","","","","","","","1.0","0.0","1.0",""
"195","180","arules","differentLengthRulesNeitherDisjunctNorSubsumingAtt","MOVIES","No preference","arules","0","2.0","1.0","1.0","2.0","5","5","0","1.0","5","5","0","1.0","44","10","34","4.4","24","10","14","2.4","22","10","12","2.2","10","20","-10","0.5","0.0","0.0","0.0","","0.0","0.0","","457.3516902235292","23.52629896916389","433.8253912543653","19.44001862864124","23.52629896916389","12.81672636786766","10.709572601296228","1.835593449833321","235.0842082956984","23.52629896916389","211.5579093265345","9.992400785343465","0.511627906976744","0.534090909090909","-0.022463002114164965","0.9579416130628401","0.011000000000000001","0.0235","-0.012499999999999999","0.4680851063829788","0.8","0.0","0.8","","0.0","0.2","-0.2","0.0","0.5","0.0","0.5","","","","","","","","","","","","","","","","","","1.0","0.0","1.0",""
"18268","92619","InvertedHeuristics","differentLengthRulesNeitherDisjunctNorSubsumingAtt","MOVIES","Rule 1 (weak preference)","dfInvertedHeuristics","1","2.0","1.0","1.0","2.0","5","5","0","1.0","5","5","0","1.0","39","19","20","2.0526315789473686","20","19","1","1.0526315789473684","19","19","0","1.0","19","19","0","1.0","0.0","0.0","0.0","","0.0","0.0","","457.3516902235292","21.11563532009762","436.2360549034316","21.65938572486271","21.11563532009762","21.11563532009762","0.0","1.0","239.23366277181339","21.11563532009762","218.11802745171576","11.329692862431353","0.863","0.862","0.0010000000000000009","1.0011600928074247","","","","","0.0","0.0","0.0","","0.0","-0.8","0.8","-0.0","-0.4","0.0","-0.4","-inf","","","","","","","","","","","","","","","","","-0.8","0.0","-0.8","-inf"
"18268","92619","InvertedHeuristics","differentLengthRulesNeitherDisjunctNorSubsumingAtt","MOVIES","Rule 1 (weak preference)","dfInvertedHeuristics","1","2.0","1.0","1.0","2.0","5","5","0","1.0","5","5","0","1.0","39","19","20","2.0526315789473686","20","19","1","1.0526315789473684","19","19","0","1.0","19","19","0","1.0","0.0","0.0","0.0","","0.0","0.0","","457.3516902235292","21.11563532009762","436.2360549034316","21.65938572486271","21.11563532009762","21.11563532009762","0.0","1.0","239.23366277181339","21.11563532009762","218.11802745171576","11.329692862431353","0.863","0.862","0.0010000000000000009","1.0011600928074247","","","","","0.0","0.0","0.0","","0.0","-0.8","0.8","-0.0","-0.4","0.0","-0.4","-inf","","","","","","","","","","","","","","","","","-0.8","0.0","-0.8","-inf"
"18268","92619","InvertedHeuristics","differentLengthRulesNeitherDisjunctNorSubsumingAtt","MOVIES","Rule 1 (weak preference)","dfInvertedHeuristics","1","2.0","1.0","1.0","2.0","5","5","0","1.0","5","5","0","1.0","39","19","20","2.0526315789473686","20","19","1","1.0526315789473684","19","19","0","1.0","19","19","0","1.0","0.0","0.0","0.0","","0.0","0.0","","457.3516902235292","21.11563532009762","436.2360549034316","21.65938572486271","21.11563532009762","21.11563532009762","0.0","1.0","239.23366277181339","21.11563532009762","218.11802745171576","11.329692862431353","0.863","0.862","0.0010000000000000009","1.0011600928074247","","","","","0.0","0.0","0.0","","0.0","-0.8","0.8","-0.0","-0.4","0.0","-0.4","-inf","","","","","","","","","","","","","","","","","-0.8","0.0","-0.8","-inf"
"18268","92619","InvertedHeuristics","differentLengthRulesNeitherDisjunctNorSubsumingAtt","MOVIES","No preference","dfInvertedHeuristics","0","2.0","1.0","1.0","2.0","5","5","0","1.0","5","5","0","1.0","39","19","20","2.0526315789473686","20","19","1","1.0526315789473684","19","19","0","1.0","19","19","0","1.0","0.0","0.0","0.0","","0.0","0.0","","457.3516902235292","21.11563532009762","436.2360549034316","21.65938572486271","21.11563532009762","21.11563532009762","0.0","1.0","239.23366277181339","21.11563532009762","218.11802745171576","11.329692862431353","0.863","0.862","0.0010000000000000009","1.0011600928074247","","","","","0.0","0.0","0.0","","0.0","-0.8","0.8","-0.0","-0.4","0.0","-0.4","-inf","","","","","","","","","","","","","","","","","-0.8","0.0","-0.8","-inf"
"18268","92619","InvertedHeuristics","differentLengthRulesNeitherDisjunctNorSubsumingAtt","MOVIES","Rule 2 (weak preference)","dfInvertedHeuristics","-1","2.0","1.0","1.0","2.0","5","5","0","1.0","5","5","0","1.0","39","19","20","2.0526315789473686","20","19","1","1.0526315789473684","19","19","0","1.0","19","19","0","1.0","0.0","0.0","0.0","","0.0","0.0","","457.3516902235292","21.11563532009762","436.2360549034316","21.65938572486271","21.11563532009762","21.11563532009762","0.0","1.0","239.23366277181339","21.11563532009762","218.11802745171576","11.329692862431353","0.863","0.862","0.0010000000000000009","1.0011600928074247","","","","","0.0","0.0","0.0","","0.0","-0.8","0.8","-0.0","-0.4","0.0","-0.4","-inf","","","","","","","","","","","","","","","","","-0.8","0.0","-0.8","-inf"
"25318","20684","InvertedHeuristics","differentLengthRulesNeitherDisjunctNorSubsumingAtt","MOVIES","No preference","dfInvertedHeuristics","0","2.0","1.0","1.0","2.0","5","5","0","1.0","5","5","0","1.0","21","25","-4","0.84","11","25","-14","0.44","10","25","-15","0.4","25","10","15","2.5","0.0","0.0","0.0","","0.0","0.0","","86.50873178380064","3.8670564096429376","82.6416753741577","22.370693007756866","3.8670564096429376","39.17345610858179","-35.306399698938854","0.09871624293052293","62.841093946191215","3.8670564096429376","58.97403753654828","16.250369089390556","1.0","0.946","0.05400000000000005","1.0570824524312896","","","","","0.2","0.6","-0.39999999999999997","0.33333333333333337","0.6","0.0","0.6","","0.1","0.6","-0.5","0.16666666666666669","","","","","","","","","","","","","","","","","0.2","0.6","-0.39999999999999997","0.33333333333333337"
"25318","20684","InvertedHeuristics","differentLengthRulesNeitherDisjunctNorSubsumingAtt","MOVIES","Rule 1 (weak preference)","dfInvertedHeuristics","1","2.0","1.0","1.0","2.0","5","5","0","1.0","5","5","0","1.0","21","25","-4","0.84","11","25","-14","0.44","10","25","-15","0.4","25","10","15","2.5","0.0","0.0","0.0","","0.0","0.0","","86.50873178380064","3.8670564096429376","82.6416753741577","22.370693007756866","3.8670564096429376","39.17345610858179","-35.306399698938854","0.09871624293052293","62.841093946191215","3.8670564096429376","58.97403753654828","16.250369089390556","1.0","0.946","0.05400000000000005","1.0570824524312896","","","","","0.2","0.6","-0.39999999999999997","0.33333333333333337","0.6","0.0","0.6","","0.1","0.6","-0.5","0.16666666666666669","","","","","","","","","","","","","","","","","0.2","0.6","-0.39999999999999997","0.33333333333333337"
"25318","20684","InvertedHeuristics","differentLengthRulesNeitherDisjunctNorSubsumingAtt","MOVIES","No preference","dfInvertedHeuristics","0","2.0","1.0","1.0","2.0","5","5","0","1.0","5","5","0","1.0","21","25","-4","0.84","11","25","-14","0.44","10","25","-15","0.4","25","10","15","2.5","0.0","0.0","0.0","","0.0","0.0","","86.50873178380064","3.8670564096429376","82.6416753741577","22.370693007756866","3.8670564096429376","39.17345610858179","-35.306399698938854","0.09871624293052293","62.841093946191215","3.8670564096429376","58.97403753654828","16.250369089390556","1.0","0.946","0.05400000000000005","1.0570824524312896","","","","","0.2","0.6","-0.39999999999999997","0.33333333333333337","0.6","0.0","0.6","","0.1","0.6","-0.5","0.16666666666666669","","","","","","","","","","","","","","","","","0.2","0.6","-0.39999999999999997","0.33333333333333337"
"25318","20684","InvertedHeuristics","differentLengthRulesNeitherDisjunctNorSubsumingAtt","MOVIES","Rule 2 (strong preference)","dfInvertedHeuristics","-2","2.0","1.0","1.0","2.0","5","5","0","1.0","5","5","0","1.0","21","25","-4","0.84","11","25","-14","0.44","10","25","-15","0.4","25","10","15","2.5","0.0","0.0","0.0","","0.0","0.0","","86.50873178380064","3.8670564096429376","82.6416753741577","22.370693007756866","3.8670564096429376","39.17345610858179","-35.306399698938854","0.09871624293052293","62.841093946191215","3.8670564096429376","58.97403753654828","16.250369089390556","1.0","0.946","0.05400000000000005","1.0570824524312896","","","","","0.2","0.6","-0.39999999999999997","0.33333333333333337","0.6","0.0","0.6","","0.1","0.6","-0.5","0.16666666666666669","","","","","","","","","","","","","","","","","0.2","0.6","-0.39999999999999997","0.33333333333333337"
"25318","20684","InvertedHeuristics","differentLengthRulesNeitherDisjunctNorSubsumingAtt","MOVIES","No preference","dfInvertedHeuristics","0","2.0","1.0","1.0","2.0","5","5","0","1.0","5","5","0","1.0","21","25","-4","0.84","11","25","-14","0.44","10","25","-15","0.4","25","10","15","2.5","0.0","0.0","0.0","","0.0","0.0","","86.50873178380064","3.8670564096429376","82.6416753741577","22.370693007756866","3.8670564096429376","39.17345610858179","-35.306399698938854","0.09871624293052293","62.841093946191215","3.8670564096429376","58.97403753654828","16.250369089390556","1.0","0.946","0.05400000000000005","1.0570824524312896","","","","","0.2","0.6","-0.39999999999999997","0.33333333333333337","0.6","0.0","0.6","","0.1","0.6","-0.5","0.16666666666666669","","","","","","","","","","","","","","","","","0.2","0.6","-0.39999999999999997","0.33333333333333337"
"17172","89074","InvertedHeuristics","differentLengthRulesNeitherDisjunctNorSubsumingAtt","MOVIES","No preference","dfInvertedHeuristics","0","2.0","1.0","1.0","2.0","5","5","0","1.0","5","5","0","1.0","27","16","11","1.6875","16","16","0","1.0","13","16","-3","0.8125","16","11","5","1.4545454545454546","0.0","0.0","0.0","","0.0","0.0","","86.50873178380064","16.49754721019283","70.0111845736078","5.243732942940279","16.49754721019283","16.49754721019283","0.0","1.0","51.503139496996745","16.49754721019283","35.00559228680392","3.12186647147014","0.938","0.95","-0.01200000000000001","0.9873684210526316","","","","","0.0","0.0","0.0","","0.0","0.0","0.0","","0.0","0.0","0.0","","","","","","","","","","","","","","","","","","0.0","0.0","0.0",""
"17172","89074","InvertedHeuristics","differentLengthRulesNeitherDisjunctNorSubsumingAtt","MOVIES","No preference","dfInvertedHeuristics","0","2.0","1.0","1.0","2.0","5","5","0","1.0","5","5","0","1.0","27","16","11","1.6875","16","16","0","1.0","13","16","-3","0.8125","16","11","5","1.4545454545454546","0.0","0.0","0.0","","0.0","0.0","","86.50873178380064","16.49754721019283","70.0111845736078","5.243732942940279","16.49754721019283","16.49754721019283","0.0","1.0","51.503139496996745","16.49754721019283","35.00559228680392","3.12186647147014","0.938","0.95","-0.01200000000000001","0.9873684210526316","","","","","0.0","0.0","0.0","","0.0","0.0","0.0","","0.0","0.0","0.0","","","","","","","","","","","","","","","","","","0.0","0.0","0.0",""
"17172","89074","InvertedHeuristics","differentLengthRulesNeitherDisjunctNorSubsumingAtt","MOVIES","Rule 1 (weak preference)","dfInvertedHeuristics","1","2.0","1.0","1.0","2.0","5","5","0","1.0","5","5","0","1.0","27","16","11","1.6875","16","16","0","1.0","13","16","-3","0.8125","16","11","5","1.4545454545454546","0.0","0.0","0.0","","0.0","0.0","","86.50873178380064","16.49754721019283","70.0111845736078","5.243732942940279","16.49754721019283","16.49754721019283","0.0","1.0","51.503139496996745","16.49754721019283","35.00559228680392","3.12186647147014","0.938","0.95","-0.01200000000000001","0.9873684210526316","","","","","0.0","0.0","0.0","","0.0","0.0","0.0","","0.0","0.0","0.0","","","","","","","","","","","","","","","","","","0.0","0.0","0.0",""
"17172","89074","InvertedHeuristics","differentLengthRulesNeitherDisjunctNorSubsumingAtt","MOVIES","No preference","dfInvertedHeuristics","0","2.0","1.0","1.0","2.0","5","5","0","1.0","5","5","0","1.0","27","16","11","1.6875","16","16","0","1.0","13","16","-3","0.8125","16","11","5","1.4545454545454546","0.0","0.0","0.0","","0.0","0.0","","86.50873178380064","16.49754721019283","70.0111845736078","5.243732942940279","16.49754721019283","16.49754721019283","0.0","1.0","51.503139496996745","16.49754721019283","35.00559228680392","3.12186647147014","0.938","0.95","-0.01200000000000001","0.9873684210526316","","","","","0.0","0.0","0.0","","0.0","0.0","0.0","","0.0","0.0","0.0","","","","","","","","","","","","","","","","","","0.0","0.0","0.0",""
"17172","89074","InvertedHeuristics","differentLengthRulesNeitherDisjunctNorSubsumingAtt","MOVIES","No preference","dfInvertedHeuristics","0","2.0","1.0","1.0","2.0","5","5","0","1.0","5","5","0","1.0","27","16","11","1.6875","16","16","0","1.0","13","16","-3","0.8125","16","11","5","1.4545454545454546","0.0","0.0","0.0","","0.0","0.0","","86.50873178380064","16.49754721019283","70.0111845736078","5.243732942940279","16.49754721019283","16.49754721019283","0.0","1.0","51.503139496996745","16.49754721019283","35.00559228680392","3.12186647147014","0.938","0.95","-0.01200000000000001","0.9873684210526316","","","","","0.0","0.0","0.0","","0.0","0.0","0.0","","0.0","0.0","0.0","","","","","","","","","","","","","","","","","","0.0","0.0","0.0",""
"20684","21805","InvertedHeuristics","differentLengthRulesNeitherDisjunctNorSubsumingAtt","MOVIES","Rule 2 (weak preference)","dfInvertedHeuristics","-1","1.0","2.0","-1.0","0.5","5","5","0","1.0","5","5","0","1.0","25","32","-7","0.78125","25","20","5","1.25","25","16","9","1.5625","12","25","-13","0.48","0.0","0.0","0.0","","0.0","0.0","","3.8670564096429376","63.34197421138932","-59.474917801746386","0.061050456001537357","19.25433902372562","3.8670564096429376","15.387282614082682","4.979068568979954","3.8670564096429376","41.29815661755747","-37.43110020791453","0.09363750652248","0.946","1.0","-0.05400000000000005","0.946","","","","","0.6","0.2","0.39999999999999997","2.9999999999999996","-0.2","0.6","-0.8","-0.33333333333333337","0.6","0.0","0.6","","","","","","","","","","","","","","","","","","0.6","0.0","0.6",""
"20684","21805","InvertedHeuristics","differentLengthRulesNeitherDisjunctNorSubsumingAtt","MOVIES","Rule 1 (weak preference)","dfInvertedHeuristics","1","1.0","2.0","-1.0","0.5","5","5","0","1.0","5","5","0","1.0","25","32","-7","0.78125","25","20","5","1.25","25","16","9","1.5625","12","25","-13","0.48","0.0","0.0","0.0","","0.0","0.0","","3.8670564096429376","63.34197421138932","-59.474917801746386","0.061050456001537357","19.25433902372562","3.8670564096429376","15.387282614082682","4.979068568979954","3.8670564096429376","41.29815661755747","-37.43110020791453","0.09363750652248","0.946","1.0","-0.05400000000000005","0.946","","","","","0.6","0.2","0.39999999999999997","2.9999999999999996","-0.2","0.6","-0.8","-0.33333333333333337","0.6","0.0","0.6","","","","","","","","","","","","","","","","","","0.6","0.0","0.6",""
"20684","21805","InvertedHeuristics","differentLengthRulesNeitherDisjunctNorSubsumingAtt","MOVIES","Rule 1 (strong preference)","dfInvertedHeuristics","2","1.0","2.0","-1.0","0.5","5","5","0","1.0","5","5","0","1.0","25","32","-7","0.78125","25","20","5","1.25","25","16","9","1.5625","12","25","-13","0.48","0.0","0.0","0.0","","0.0","0.0","","3.8670564096429376","63.34197421138932","-59.474917801746386","0.061050456001537357","19.25433902372562","3.8670564096429376","15.387282614082682","4.979068568979954","3.8670564096429376","41.29815661755747","-37.43110020791453","0.09363750652248","0.946","1.0","-0.05400000000000005","0.946","","","","","0.6","0.2","0.39999999999999997","2.9999999999999996","-0.2","0.6","-0.8","-0.33333333333333337","0.6","0.0","0.6","","","","","","","","","","","","","","","","","","0.6","0.0","0.6",""
"20684","21805","InvertedHeuristics","differentLengthRulesNeitherDisjunctNorSubsumingAtt","MOVIES","Rule 1 (weak preference)","dfInvertedHeuristics","1","1.0","2.0","-1.0","0.5","5","5","0","1.0","5","5","0","1.0","25","32","-7","0.78125","25","20","5","1.25","25","16","9","1.5625","12","25","-13","0.48","0.0","0.0","0.0","","0.0","0.0","","3.8670564096429376","63.34197421138932","-59.474917801746386","0.061050456001537357","19.25433902372562","3.8670564096429376","15.387282614082682","4.979068568979954","3.8670564096429376","41.29815661755747","-37.43110020791453","0.09363750652248","0.946","1.0","-0.05400000000000005","0.946","","","","","0.6","0.2","0.39999999999999997","2.9999999999999996","-0.2","0.6","-0.8","-0.33333333333333337","0.6","0.0","0.6","","","","","","","","","","","","","","","","","","0.6","0.0","0.6",""
"20684","21805","InvertedHeuristics","differentLengthRulesNeitherDisjunctNorSubsumingAtt","MOVIES","Rule 1 (strong preference)","dfInvertedHeuristics","2","1.0","2.0","-1.0","0.5","5","5","0","1.0","5","5","0","1.0","25","32","-7","0.78125","25","20","5","1.25","25","16","9","1.5625","12","25","-13","0.48","0.0","0.0","0.0","","0.0","0.0","","3.8670564096429376","63.34197421138932","-59.474917801746386","0.061050456001537357","19.25433902372562","3.8670564096429376","15.387282614082682","4.979068568979954","3.8670564096429376","41.29815661755747","-37.43110020791453","0.09363750652248","0.946","1.0","-0.05400000000000005","0.946","","","","","0.6","0.2","0.39999999999999997","2.9999999999999996","-0.2","0.6","-0.8","-0.33333333333333337","0.6","0.0","0.6","","","","","","","","","","","","","","","","","","0.6","0.0","0.6",""
"39753","19964","InvertedHeuristics","differentLengthRulesNeitherDisjunctNorSubsumingAtt","MOVIES","No preference","dfInvertedHeuristics","0","1.0","3.0","-2.0","0.3333333333333333","5","5","0","1.0","5","5","0","1.0","19","56","-37","0.3392857142857143","19","20","-1","0.95","19","18","1","1.0555555555555556","17","19","-2","0.8947368421052632","0.0","0.0","0.0","","0.0","0.0","","3.0981702345713567","457.3516902235292","-454.25351998895786","0.006774152803627195","0.247615673184032","3.0981702345713567","-2.850554561387325","0.07992319802862302","3.0981702345713567","159.57164707227028","-156.4734768376989","0.019415543371362143","1.0","0.931","0.06899999999999995","1.0741138560687433","","","","","-0.2","0.4","-0.6000000000000001","-0.5","-0.8","-0.2","-0.6000000000000001","4.0","-0.2","-0.13333333333333333","-0.06666666666666668","1.5","","","","","","","","","","","","","","","","","-0.2","-0.4","0.2","0.5"
"39753","19964","InvertedHeuristics","differentLengthRulesNeitherDisjunctNorSubsumingAtt","MOVIES","No preference","dfInvertedHeuristics","0","1.0","3.0","-2.0","0.3333333333333333","5","5","0","1.0","5","5","0","1.0","19","56","-37","0.3392857142857143","19","20","-1","0.95","19","18","1","1.0555555555555556","17","19","-2","0.8947368421052632","0.0","0.0","0.0","","0.0","0.0","","3.0981702345713567","457.3516902235292","-454.25351998895786","0.006774152803627195","0.247615673184032","3.0981702345713567","-2.850554561387325","0.07992319802862302","3.0981702345713567","159.57164707227028","-156.4734768376989","0.019415543371362143","1.0","0.931","0.06899999999999995","1.0741138560687433","","","","","-0.2","0.4","-0.6000000000000001","-0.5","-0.8","-0.2","-0.6000000000000001","4.0","-0.2","-0.13333333333333333","-0.06666666666666668","1.5","","","","","","","","","","","","","","","","","-0.2","-0.4","0.2","0.5"
"39753","19964","InvertedHeuristics","differentLengthRulesNeitherDisjunctNorSubsumingAtt","MOVIES","Rule 1 (strong preference)","dfInvertedHeuristics","2","1.0","3.0","-2.0","0.3333333333333333","5","5","0","1.0","5","5","0","1.0","19","56","-37","0.3392857142857143","19","20","-1","0.95","19","18","1","1.0555555555555556","17","19","-2","0.8947368421052632","0.0","0.0","0.0","","0.0","0.0","","3.0981702345713567","457.3516902235292","-454.25351998895786","0.006774152803627195","0.247615673184032","3.0981702345713567","-2.850554561387325","0.07992319802862302","3.0981702345713567","159.57164707227028","-156.4734768376989","0.019415543371362143","1.0","0.931","0.06899999999999995","1.0741138560687433","","","","","-0.2","0.4","-0.6000000000000001","-0.5","-0.8","-0.2","-0.6000000000000001","4.0","-0.2","-0.13333333333333333","-0.06666666666666668","1.5","","","","","","","","","","","","","","","","","-0.2","-0.4","0.2","0.5"
"39753","19964","InvertedHeuristics","differentLengthRulesNeitherDisjunctNorSubsumingAtt","MOVIES","Rule 1 (weak preference)","dfInvertedHeuristics","1","1.0","3.0","-2.0","0.3333333333333333","5","5","0","1.0","5","5","0","1.0","19","56","-37","0.3392857142857143","19","20","-1","0.95","19","18","1","1.0555555555555556","17","19","-2","0.8947368421052632","0.0","0.0","0.0","","0.0","0.0","","3.0981702345713567","457.3516902235292","-454.25351998895786","0.006774152803627195","0.247615673184032","3.0981702345713567","-2.850554561387325","0.07992319802862302","3.0981702345713567","159.57164707227028","-156.4734768376989","0.019415543371362143","1.0","0.931","0.06899999999999995","1.0741138560687433","","","","","-0.2","0.4","-0.6000000000000001","-0.5","-0.8","-0.2","-0.6000000000000001","4.0","-0.2","-0.13333333333333333","-0.06666666666666668","1.5","","","","","","","","","","","","","","","","","-0.2","-0.4","0.2","0.5"
"39753","19964","InvertedHeuristics","differentLengthRulesNeitherDisjunctNorSubsumingAtt","MOVIES","Rule 1 (strong preference)","dfInvertedHeuristics","2","1.0","3.0","-2.0","0.3333333333333333","5","5","0","1.0","5","5","0","1.0","19","56","-37","0.3392857142857143","19","20","-1","0.95","19","18","1","1.0555555555555556","17","19","-2","0.8947368421052632","0.0","0.0","0.0","","0.0","0.0","","3.0981702345713567","457.3516902235292","-454.25351998895786","0.006774152803627195","0.247615673184032","3.0981702345713567","-2.850554561387325","0.07992319802862302","3.0981702345713567","159.57164707227028","-156.4734768376989","0.019415543371362143","1.0","0.931","0.06899999999999995","1.0741138560687433","","","","","-0.2","0.4","-0.6000000000000001","-0.5","-0.8","-0.2","-0.6000000000000001","4.0","-0.2","-0.13333333333333333","-0.06666666666666668","1.5","","","","","","","","","","","","","","","","","-0.2","-0.4","0.2","0.5"
"24537","30393","InvertedHeuristics","differentLengthRulesNeitherDisjunctNorSubsumingAtt","MOVIES","No preference","dfInvertedHeuristics","0","3.0","2.0","1.0","1.5","5","5","0","1.0","5","5","0","1.0","58","29","29","2.0","20","17","3","1.1764705882352942","19","14","5","1.3571428571428572","12","19","-7","0.631578947368421","0.0","0.0","0.0","","0.0","0.0","","457.3516902235292","8.087731297468151","449.26395892606104","56.5488235701775","5.560134496183927","12.576910726313393","-7.016776230129466","0.4420906387250585","163.68141208998006","6.823932896826039","156.857479193154","23.986374802441546","1.0","0.923","0.07699999999999996","1.0834236186348862","","","","","0.0","0.2","-0.2","0.0","0.0","-0.8","0.8","-0.0","-0.4000000000000001","0.1","-0.5000000000000001","-4.000000000000001","","","","","","","","","","","","","","","","","-1.2000000000000002","0.2","-1.4000000000000001","-6.000000000000001"
"24537","30393","InvertedHeuristics","differentLengthRulesNeitherDisjunctNorSubsumingAtt","MOVIES","No preference","dfInvertedHeuristics","0","3.0","2.0","1.0","1.5","5","5","0","1.0","5","5","0","1.0","58","29","29","2.0","20","17","3","1.1764705882352942","19","14","5","1.3571428571428572","12","19","-7","0.631578947368421","0.0","0.0","0.0","","0.0","0.0","","457.3516902235292","8.087731297468151","449.26395892606104","56.5488235701775","5.560134496183927","12.576910726313393","-7.016776230129466","0.4420906387250585","163.68141208998006","6.823932896826039","156.857479193154","23.986374802441546","1.0","0.923","0.07699999999999996","1.0834236186348862","","","","","0.0","0.2","-0.2","0.0","0.0","-0.8","0.8","-0.0","-0.4000000000000001","0.1","-0.5000000000000001","-4.000000000000001","","","","","","","","","","","","","","","","","-1.2000000000000002","0.2","-1.4000000000000001","-6.000000000000001"
"24537","30393","InvertedHeuristics","differentLengthRulesNeitherDisjunctNorSubsumingAtt","MOVIES","Rule 1 (weak preference)","dfInvertedHeuristics","1","3.0","2.0","1.0","1.5","5","5","0","1.0","5","5","0","1.0","58","29","29","2.0","20","17","3","1.1764705882352942","19","14","5","1.3571428571428572","12","19","-7","0.631578947368421","0.0","0.0","0.0","","0.0","0.0","","457.3516902235292","8.087731297468151","449.26395892606104","56.5488235701775","5.560134496183927","12.576910726313393","-7.016776230129466","0.4420906387250585","163.68141208998006","6.823932896826039","156.857479193154","23.986374802441546","1.0","0.923","0.07699999999999996","1.0834236186348862","","","","","0.0","0.2","-0.2","0.0","0.0","-0.8","0.8","-0.0","-0.4000000000000001","0.1","-0.5000000000000001","-4.000000000000001","","","","","","","","","","","","","","","","","-1.2000000000000002","0.2","-1.4000000000000001","-6.000000000000001"
"24537","30393","InvertedHeuristics","differentLengthRulesNeitherDisjunctNorSubsumingAtt","MOVIES","Rule 2 (weak preference)","dfInvertedHeuristics","-1","3.0","2.0","1.0","1.5","5","5","0","1.0","5","5","0","1.0","58","29","29","2.0","20","17","3","1.1764705882352942","19","14","5","1.3571428571428572","12","19","-7","0.631578947368421","0.0","0.0","0.0","","0.0","0.0","","457.3516902235292","8.087731297468151","449.26395892606104","56.5488235701775","5.560134496183927","12.576910726313393","-7.016776230129466","0.4420906387250585","163.68141208998006","6.823932896826039","156.857479193154","23.986374802441546","1.0","0.923","0.07699999999999996","1.0834236186348862","","","","","0.0","0.2","-0.2","0.0","0.0","-0.8","0.8","-0.0","-0.4000000000000001","0.1","-0.5000000000000001","-4.000000000000001","","","","","","","","","","","","","","","","","-1.2000000000000002","0.2","-1.4000000000000001","-6.000000000000001"
"24537","30393","InvertedHeuristics","differentLengthRulesNeitherDisjunctNorSubsumingAtt","MOVIES","Rule 1 (strong preference)","dfInvertedHeuristics","2","3.0","2.0","1.0","1.5","5","5","0","1.0","5","5","0","1.0","58","29","29","2.0","20","17","3","1.1764705882352942","19","14","5","1.3571428571428572","12","19","-7","0.631578947368421","0.0","0.0","0.0","","0.0","0.0","","457.3516902235292","8.087731297468151","449.26395892606104","56.5488235701775","5.560134496183927","12.576910726313393","-7.016776230129466","0.4420906387250585","163.68141208998006","6.823932896826039","156.857479193154","23.986374802441546","1.0","0.923","0.07699999999999996","1.0834236186348862","","","","","0.0","0.2","-0.2","0.0","0.0","-0.8","0.8","-0.0","-0.4000000000000001","0.1","-0.5000000000000001","-4.000000000000001","","","","","","","","","","","","","","","","","-1.2000000000000002","0.2","-1.4000000000000001","-6.000000000000001"
"188","183","arules","differentLengthRulesNeitherDisjunctNorSubsumingAtt","MOVIES","Rule 2 (strong preference)","arules","-2","1.0","2.0","-1.0","0.5","5","5","0","1.0","5","5","0","1.0","20","30","-10","0.6666666666666666","20","20","0","1.0","20","15","5","1.3333333333333333","10","20","-10","0.5","0.0","0.0","0.0","","0.0","0.0","","457.3516902235292","457.3516902235292","0.0","1.0","33.90559321901641","457.3516902235292","-423.4460970045128","0.07413461881477941","457.3516902235292","245.6286417212728","211.7230485022564","1.8619640080186952","0.520603015075377","0.527272727272727","-0.0066697121973500195","0.9873505458326121","0.259","0.0145","0.2445","17.862068965517242","-0.8","0.2","-1.0","-4.0","-0.8","-0.8","0.0","1.0","-0.8","-0.30000000000000004","-0.5","2.6666666666666665","","","","","","","","","","","","","","","","","-0.8","-0.6000000000000001","-0.19999999999999996","1.3333333333333333"
"188","183","arules","differentLengthRulesNeitherDisjunctNorSubsumingAtt","MOVIES","Rule 2 (strong preference)","arules","-2","1.0","2.0","-1.0","0.5","5","5","0","1.0","5","5","0","1.0","20","30","-10","0.6666666666666666","20","20","0","1.0","20","15","5","1.3333333333333333","10","20","-10","0.5","0.0","0.0","0.0","","0.0","0.0","","457.3516902235292","457.3516902235292","0.0","1.0","33.90559321901641","457.3516902235292","-423.4460970045128","0.07413461881477941","457.3516902235292","245.6286417212728","211.7230485022564","1.8619640080186952","0.520603015075377","0.527272727272727","-0.0066697121973500195","0.9873505458326121","0.259","0.0145","0.2445","17.862068965517242","-0.8","0.2","-1.0","-4.0","-0.8","-0.8","0.0","1.0","-0.8","-0.30000000000000004","-0.5","2.6666666666666665","","","","","","","","","","","","","","","","","-0.8","-0.6000000000000001","-0.19999999999999996","1.3333333333333333"
"188","183","arules","differentLengthRulesNeitherDisjunctNorSubsumingAtt","MOVIES","Rule 2 (strong preference)","arules","-2","1.0","2.0","-1.0","0.5","5","5","0","1.0","5","5","0","1.0","20","30","-10","0.6666666666666666","20","20","0","1.0","20","15","5","1.3333333333333333","10","20","-10","0.5","0.0","0.0","0.0","","0.0","0.0","","457.3516902235292","457.3516902235292","0.0","1.0","33.90559321901641","457.3516902235292","-423.4460970045128","0.07413461881477941","457.3516902235292","245.6286417212728","211.7230485022564","1.8619640080186952","0.520603015075377","0.527272727272727","-0.0066697121973500195","0.9873505458326121","0.259","0.0145","0.2445","17.862068965517242","-0.8","0.2","-1.0","-4.0","-0.8","-0.8","0.0","1.0","-0.8","-0.30000000000000004","-0.5","2.6666666666666665","","","","","","","","","","","","","","","","","-0.8","-0.6000000000000001","-0.19999999999999996","1.3333333333333333"
"188","183","arules","differentLengthRulesNeitherDisjunctNorSubsumingAtt","MOVIES","Rule 2 (weak preference)","arules","-1","1.0","2.0","-1.0","0.5","5","5","0","1.0","5","5","0","1.0","20","30","-10","0.6666666666666666","20","20","0","1.0","20","15","5","1.3333333333333333","10","20","-10","0.5","0.0","0.0","0.0","","0.0","0.0","","457.3516902235292","457.3516902235292","0.0","1.0","33.90559321901641","457.3516902235292","-423.4460970045128","0.07413461881477941","457.3516902235292","245.6286417212728","211.7230485022564","1.8619640080186952","0.520603015075377","0.527272727272727","-0.0066697121973500195","0.9873505458326121","0.259","0.0145","0.2445","17.862068965517242","-0.8","0.2","-1.0","-4.0","-0.8","-0.8","0.0","1.0","-0.8","-0.30000000000000004","-0.5","2.6666666666666665","","","","","","","","","","","","","","","","","-0.8","-0.6000000000000001","-0.19999999999999996","1.3333333333333333"
"188","183","arules","differentLengthRulesNeitherDisjunctNorSubsumingAtt","MOVIES","Rule 2 (weak preference)","arules","-1","1.0","2.0","-1.0","0.5","5","5","0","1.0","5","5","0","1.0","20","30","-10","0.6666666666666666","20","20","0","1.0","20","15","5","1.3333333333333333","10","20","-10","0.5","0.0","0.0","0.0","","0.0","0.0","","457.3516902235292","457.3516902235292","0.0","1.0","33.90559321901641","457.3516902235292","-423.4460970045128","0.07413461881477941","457.3516902235292","245.6286417212728","211.7230485022564","1.8619640080186952","0.520603015075377","0.527272727272727","-0.0066697121973500195","0.9873505458326121","0.259","0.0145","0.2445","17.862068965517242","-0.8","0.2","-1.0","-4.0","-0.8","-0.8","0.0","1.0","-0.8","-0.30000000000000004","-0.5","2.6666666666666665","","","","","","","","","","","","","","","","","-0.8","-0.6000000000000001","-0.19999999999999996","1.3333333333333333"
"43457","29685","InvertedHeuristics","differentLengthRulesNeitherDisjunctNorSubsumingAtt","MOVIES","Rule 1 (strong preference)","dfInvertedHeuristics","2","2.0","1.0","1.0","2.0","5","5","0","1.0","5","5","0","1.0","37","17","20","2.176470588235294","20","17","3","1.1764705882352942","18","17","1","1.0588235294117647","17","17","0","1.0","0.0","0.0","0.0","","0.0","0.0","","457.3516902235292","0.2009392724000679","457.1507509511291","2276.069206187564","0.2009392724000679","0.2009392724000679","0.0","1.0","228.77631474796462","0.2009392724000679","228.57537547556456","1138.534603093782","0.846","0.882","-0.03600000000000003","0.9591836734693877","","","","","0.2","0.2","0.0","1.0","0.2","-0.8","1.0","-0.25","-0.30000000000000004","0.2","-0.5","-1.5000000000000002","","","","","","","","","","","","","","","","","-0.6000000000000001","0.2","-0.8","-3.0000000000000004"
"43457","29685","InvertedHeuristics","differentLengthRulesNeitherDisjunctNorSubsumingAtt","MOVIES","Rule 2 (weak preference)","dfInvertedHeuristics","-1","2.0","1.0","1.0","2.0","5","5","0","1.0","5","5","0","1.0","37","17","20","2.176470588235294","20","17","3","1.1764705882352942","18","17","1","1.0588235294117647","17","17","0","1.0","0.0","0.0","0.0","","0.0","0.0","","457.3516902235292","0.2009392724000679","457.1507509511291","2276.069206187564","0.2009392724000679","0.2009392724000679","0.0","1.0","228.77631474796462","0.2009392724000679","228.57537547556456","1138.534603093782","0.846","0.882","-0.03600000000000003","0.9591836734693877","","","","","0.2","0.2","0.0","1.0","0.2","-0.8","1.0","-0.25","-0.30000000000000004","0.2","-0.5","-1.5000000000000002","","","","","","","","","","","","","","","","","-0.6000000000000001","0.2","-0.8","-3.0000000000000004"
"43457","29685","InvertedHeuristics","differentLengthRulesNeitherDisjunctNorSubsumingAtt","MOVIES","No preference","dfInvertedHeuristics","0","2.0","1.0","1.0","2.0","5","5","0","1.0","5","5","0","1.0","37","17","20","2.176470588235294","20","17","3","1.1764705882352942","18","17","1","1.0588235294117647","17","17","0","1.0","0.0","0.0","0.0","","0.0","0.0","","457.3516902235292","0.2009392724000679","457.1507509511291","2276.069206187564","0.2009392724000679","0.2009392724000679","0.0","1.0","228.77631474796462","0.2009392724000679","228.57537547556456","1138.534603093782","0.846","0.882","-0.03600000000000003","0.9591836734693877","","","","","0.2","0.2","0.0","1.0","0.2","-0.8","1.0","-0.25","-0.30000000000000004","0.2","-0.5","-1.5000000000000002","","","","","","","","","","","","","","","","","-0.6000000000000001","0.2","-0.8","-3.0000000000000004"
"43457","29685","InvertedHeuristics","differentLengthRulesNeitherDisjunctNorSubsumingAtt","MOVIES","Rule 2 (weak preference)","dfInvertedHeuristics","-1","2.0","1.0","1.0","2.0","5","5","0","1.0","5","5","0","1.0","37","17","20","2.176470588235294","20","17","3","1.1764705882352942","18","17","1","1.0588235294117647","17","17","0","1.0","0.0","0.0","0.0","","0.0","0.0","","457.3516902235292","0.2009392724000679","457.1507509511291","2276.069206187564","0.2009392724000679","0.2009392724000679","0.0","1.0","228.77631474796462","0.2009392724000679","228.57537547556456","1138.534603093782","0.846","0.882","-0.03600000000000003","0.9591836734693877","","","","","0.2","0.2","0.0","1.0","0.2","-0.8","1.0","-0.25","-0.30000000000000004","0.2","-0.5","-1.5000000000000002","","","","","","","","","","","","","","","","","-0.6000000000000001","0.2","-0.8","-3.0000000000000004"
"43457","29685","InvertedHeuristics","differentLengthRulesNeitherDisjunctNorSubsumingAtt","MOVIES","Rule 1 (strong preference)","dfInvertedHeuristics","2","2.0","1.0","1.0","2.0","5","5","0","1.0","5","5","0","1.0","37","17","20","2.176470588235294","20","17","3","1.1764705882352942","18","17","1","1.0588235294117647","17","17","0","1.0","0.0","0.0","0.0","","0.0","0.0","","457.3516902235292","0.2009392724000679","457.1507509511291","2276.069206187564","0.2009392724000679","0.2009392724000679","0.0","1.0","228.77631474796462","0.2009392724000679","228.57537547556456","1138.534603093782","0.846","0.882","-0.03600000000000003","0.9591836734693877","","","","","0.2","0.2","0.0","1.0","0.2","-0.8","1.0","-0.25","-0.30000000000000004","0.2","-0.5","-1.5000000000000002","","","","","","","","","","","","","","","","","-0.6000000000000001","0.2","-0.8","-3.0000000000000004"
"39753","84675","InvertedHeuristics","differentLengthRulesNeitherDisjunctNorSubsumingAtt","MOVIES","No preference","dfInvertedHeuristics","0","1.0","3.0","-2.0","0.3333333333333333","5","5","0","1.0","5","5","0","1.0","19","56","-37","0.3392857142857143","19","20","-1","0.95","19","18","1","1.0555555555555556","17","19","-2","0.8947368421052632","0.0","0.0","0.0","","0.0","0.0","","3.0981702345713567","457.3516902235292","-454.25351998895786","0.006774152803627195","0.247615673184032","3.0981702345713567","-2.850554561387325","0.07992319802862302","3.0981702345713567","156.72540554100883","-153.62723530643746","0.019768143038945196","1.0","1.0","0.0","1.0","","","","","-0.2","0.4","-0.6000000000000001","-0.5","-0.8","-0.2","-0.6000000000000001","4.0","-0.2","-0.26666666666666666","0.06666666666666665","0.75","","","","","","","","","","","","","","","","","-0.2","-0.8","0.6000000000000001","0.25"
"39753","84675","InvertedHeuristics","differentLengthRulesNeitherDisjunctNorSubsumingAtt","MOVIES","Rule 1 (weak preference)","dfInvertedHeuristics","1","1.0","3.0","-2.0","0.3333333333333333","5","5","0","1.0","5","5","0","1.0","19","56","-37","0.3392857142857143","19","20","-1","0.95","19","18","1","1.0555555555555556","17","19","-2","0.8947368421052632","0.0","0.0","0.0","","0.0","0.0","","3.0981702345713567","457.3516902235292","-454.25351998895786","0.006774152803627195","0.247615673184032","3.0981702345713567","-2.850554561387325","0.07992319802862302","3.0981702345713567","156.72540554100883","-153.62723530643746","0.019768143038945196","1.0","1.0","0.0","1.0","","","","","-0.2","0.4","-0.6000000000000001","-0.5","-0.8","-0.2","-0.6000000000000001","4.0","-0.2","-0.26666666666666666","0.06666666666666665","0.75","","","","","","","","","","","","","","","","","-0.2","-0.8","0.6000000000000001","0.25"
"39753","84675","InvertedHeuristics","differentLengthRulesNeitherDisjunctNorSubsumingAtt","MOVIES","Rule 1 (weak preference)","dfInvertedHeuristics","1","1.0","3.0","-2.0","0.3333333333333333","5","5","0","1.0","5","5","0","1.0","19","56","-37","0.3392857142857143","19","20","-1","0.95","19","18","1","1.0555555555555556","17","19","-2","0.8947368421052632","0.0","0.0","0.0","","0.0","0.0","","3.0981702345713567","457.3516902235292","-454.25351998895786","0.006774152803627195","0.247615673184032","3.0981702345713567","-2.850554561387325","0.07992319802862302","3.0981702345713567","156.72540554100883","-153.62723530643746","0.019768143038945196","1.0","1.0","0.0","1.0","","","","","-0.2","0.4","-0.6000000000000001","-0.5","-0.8","-0.2","-0.6000000000000001","4.0","-0.2","-0.26666666666666666","0.06666666666666665","0.75","","","","","","","","","","","","","","","","","-0.2","-0.8","0.6000000000000001","0.25"
"39753","84675","InvertedHeuristics","differentLengthRulesNeitherDisjunctNorSubsumingAtt","MOVIES","Rule 2 (strong preference)","dfInvertedHeuristics","-2","1.0","3.0","-2.0","0.3333333333333333","5","5","0","1.0","5","5","0","1.0","19","56","-37","0.3392857142857143","19","20","-1","0.95","19","18","1","1.0555555555555556","17","19","-2","0.8947368421052632","0.0","0.0","0.0","","0.0","0.0","","3.0981702345713567","457.3516902235292","-454.25351998895786","0.006774152803627195","0.247615673184032","3.0981702345713567","-2.850554561387325","0.07992319802862302","3.0981702345713567","156.72540554100883","-153.62723530643746","0.019768143038945196","1.0","1.0","0.0","1.0","","","","","-0.2","0.4","-0.6000000000000001","-0.5","-0.8","-0.2","-0.6000000000000001","4.0","-0.2","-0.26666666666666666","0.06666666666666665","0.75","","","","","","","","","","","","","","","","","-0.2","-0.8","0.6000000000000001","0.25"
"39753","84675","InvertedHeuristics","differentLengthRulesNeitherDisjunctNorSubsumingAtt","MOVIES","Rule 2 (strong preference)","dfInvertedHeuristics","-2","1.0","3.0","-2.0","0.3333333333333333","5","5","0","1.0","5","5","0","1.0","19","56","-37","0.3392857142857143","19","20","-1","0.95","19","18","1","1.0555555555555556","17","19","-2","0.8947368421052632","0.0","0.0","0.0","","0.0","0.0","","3.0981702345713567","457.3516902235292","-454.25351998895786","0.006774152803627195","0.247615673184032","3.0981702345713567","-2.850554561387325","0.07992319802862302","3.0981702345713567","156.72540554100883","-153.62723530643746","0.019768143038945196","1.0","1.0","0.0","1.0","","","","","-0.2","0.4","-0.6000000000000001","-0.5","-0.8","-0.2","-0.6000000000000001","4.0","-0.2","-0.26666666666666666","0.06666666666666665","0.75","","","","","","","","","","","","","","","","","-0.2","-0.8","0.6000000000000001","0.25"
"182","195","arules","differentLengthRulesNeitherDisjunctNorSubsumingAtt","MOVIES","No preference","arules","0","1.0","2.0","-1.0","0.5","5","5","0","1.0","5","5","0","1.0","21","44","-23","0.4772727272727273","21","24","-3","0.875","21","22","-1","0.9545454545454546","20","21","-1","0.9523809523809523","0.0","0.0","0.0","","0.0","0.0","","58.60766432364911","457.3516902235292","-398.7440258998801","0.12814572587455575","12.81672636786766","58.60766432364911","-45.79093795578145","0.2186868648627567","58.60766432364911","235.0842082956984","-176.47654397204929","0.24930498202554732","0.530201342281879","0.511627906976744","0.018573435305135","1.0363026235509456","0.0395","0.011000000000000001","0.028499999999999998","3.5909090909090904","0.6","0.8","-0.20000000000000007","0.7499999999999999","0.2","0.6","-0.39999999999999997","0.33333333333333337","0.6","0.5","0.09999999999999998","1.2","","","","","","","","","","","","","","","","","0.6","1.0","-0.4","0.6"
"182","195","arules","differentLengthRulesNeitherDisjunctNorSubsumingAtt","MOVIES","Rule 1 (strong preference)","arules","2","1.0","2.0","-1.0","0.5","5","5","0","1.0","5","5","0","1.0","21","44","-23","0.4772727272727273","21","24","-3","0.875","21","22","-1","0.9545454545454546","20","21","-1","0.9523809523809523","0.0","0.0","0.0","","0.0","0.0","","58.60766432364911","457.3516902235292","-398.7440258998801","0.12814572587455575","12.81672636786766","58.60766432364911","-45.79093795578145","0.2186868648627567","58.60766432364911","235.0842082956984","-176.47654397204929","0.24930498202554732","0.530201342281879","0.511627906976744","0.018573435305135","1.0363026235509456","0.0395","0.011000000000000001","0.028499999999999998","3.5909090909090904","0.6","0.8","-0.20000000000000007","0.7499999999999999","0.2","0.6","-0.39999999999999997","0.33333333333333337","0.6","0.5","0.09999999999999998","1.2","","","","","","","","","","","","","","","","","0.6","1.0","-0.4","0.6"
"182","195","arules","differentLengthRulesNeitherDisjunctNorSubsumingAtt","MOVIES","Rule 1 (strong preference)","arules","2","1.0","2.0","-1.0","0.5","5","5","0","1.0","5","5","0","1.0","21","44","-23","0.4772727272727273","21","24","-3","0.875","21","22","-1","0.9545454545454546","20","21","-1","0.9523809523809523","0.0","0.0","0.0","","0.0","0.0","","58.60766432364911","457.3516902235292","-398.7440258998801","0.12814572587455575","12.81672636786766","58.60766432364911","-45.79093795578145","0.2186868648627567","58.60766432364911","235.0842082956984","-176.47654397204929","0.24930498202554732","0.530201342281879","0.511627906976744","0.018573435305135","1.0363026235509456","0.0395","0.011000000000000001","0.028499999999999998","3.5909090909090904","0.6","0.8","-0.20000000000000007","0.7499999999999999","0.2","0.6","-0.39999999999999997","0.33333333333333337","0.6","0.5","0.09999999999999998","1.2","","","","","","","","","","","","","","","","","0.6","1.0","-0.4","0.6"
"182","195","arules","differentLengthRulesNeitherDisjunctNorSubsumingAtt","MOVIES","No preference","arules","0","1.0","2.0","-1.0","0.5","5","5","0","1.0","5","5","0","1.0","21","44","-23","0.4772727272727273","21","24","-3","0.875","21","22","-1","0.9545454545454546","20","21","-1","0.9523809523809523","0.0","0.0","0.0","","0.0","0.0","","58.60766432364911","457.3516902235292","-398.7440258998801","0.12814572587455575","12.81672636786766","58.60766432364911","-45.79093795578145","0.2186868648627567","58.60766432364911","235.0842082956984","-176.47654397204929","0.24930498202554732","0.530201342281879","0.511627906976744","0.018573435305135","1.0363026235509456","0.0395","0.011000000000000001","0.028499999999999998","3.5909090909090904","0.6","0.8","-0.20000000000000007","0.7499999999999999","0.2","0.6","-0.39999999999999997","0.33333333333333337","0.6","0.5","0.09999999999999998","1.2","","","","","","","","","","","","","","","","","0.6","1.0","-0.4","0.6"
"182","195","arules","differentLengthRulesNeitherDisjunctNorSubsumingAtt","MOVIES","Rule 1 (weak preference)","arules","1","1.0","2.0","-1.0","0.5","5","5","0","1.0","5","5","0","1.0","21","44","-23","0.4772727272727273","21","24","-3","0.875","21","22","-1","0.9545454545454546","20","21","-1","0.9523809523809523","0.0","0.0","0.0","","0.0","0.0","","58.60766432364911","457.3516902235292","-398.7440258998801","0.12814572587455575","12.81672636786766","58.60766432364911","-45.79093795578145","0.2186868648627567","58.60766432364911","235.0842082956984","-176.47654397204929","0.24930498202554732","0.530201342281879","0.511627906976744","0.018573435305135","1.0363026235509456","0.0395","0.011000000000000001","0.028499999999999998","3.5909090909090904","0.6","0.8","-0.20000000000000007","0.7499999999999999","0.2","0.6","-0.39999999999999997","0.33333333333333337","0.6","0.5","0.09999999999999998","1.2","","","","","","","","","","","","","","","","","0.6","1.0","-0.4","0.6"
"39753","33068","InvertedHeuristics","differentLengthRulesNeitherDisjunctNorSubsumingAtt","MOVIES","No preference","dfInvertedHeuristics","0","1.0","2.0","-1.0","0.5","5","5","0","1.0","5","5","0","1.0","19","40","-21","0.475","19","23","-4","0.8260869565217391","19","20","-1","0.95","17","19","-2","0.8947368421052632","0.0","0.0","0.0","","0.0","0.0","","3.0981702345713567","8.839812940473667","-5.7416427059023105","0.35047916233455345","0.247615673184032","3.0981702345713567","-2.850554561387325","0.07992319802862302","3.0981702345713567","4.543714306828849","-1.4455440722574924","0.6818585028365555","1.0","0.938","0.062000000000000055","1.0660980810234542","","","","","-0.2","0.4","-0.6000000000000001","-0.5","-0.4","-0.2","-0.2","2.0","-0.2","0.0","-0.2","-inf","","","","","","","","","","","","","","","","","-0.2","0.0","-0.2","-inf"
"39753","33068","InvertedHeuristics","differentLengthRulesNeitherDisjunctNorSubsumingAtt","MOVIES","No preference","dfInvertedHeuristics","0","1.0","2.0","-1.0","0.5","5","5","0","1.0","5","5","0","1.0","19","40","-21","0.475","19","23","-4","0.8260869565217391","19","20","-1","0.95","17","19","-2","0.8947368421052632","0.0","0.0","0.0","","0.0","0.0","","3.0981702345713567","8.839812940473667","-5.7416427059023105","0.35047916233455345","0.247615673184032","3.0981702345713567","-2.850554561387325","0.07992319802862302","3.0981702345713567","4.543714306828849","-1.4455440722574924","0.6818585028365555","1.0","0.938","0.062000000000000055","1.0660980810234542","","","","","-0.2","0.4","-0.6000000000000001","-0.5","-0.4","-0.2","-0.2","2.0","-0.2","0.0","-0.2","-inf","","","","","","","","","","","","","","","","","-0.2","0.0","-0.2","-inf"
"39753","33068","InvertedHeuristics","differentLengthRulesNeitherDisjunctNorSubsumingAtt","MOVIES","Rule 1 (weak preference)","dfInvertedHeuristics","1","1.0","2.0","-1.0","0.5","5","5","0","1.0","5","5","0","1.0","19","40","-21","0.475","19","23","-4","0.8260869565217391","19","20","-1","0.95","17","19","-2","0.8947368421052632","0.0","0.0","0.0","","0.0","0.0","","3.0981702345713567","8.839812940473667","-5.7416427059023105","0.35047916233455345","0.247615673184032","3.0981702345713567","-2.850554561387325","0.07992319802862302","3.0981702345713567","4.543714306828849","-1.4455440722574924","0.6818585028365555","1.0","0.938","0.062000000000000055","1.0660980810234542","","","","","-0.2","0.4","-0.6000000000000001","-0.5","-0.4","-0.2","-0.2","2.0","-0.2","0.0","-0.2","-inf","","","","","","","","","","","","","","","","","-0.2","0.0","-0.2","-inf"
"39753","33068","InvertedHeuristics","differentLengthRulesNeitherDisjunctNorSubsumingAtt","MOVIES","Rule 2 (weak preference)","dfInvertedHeuristics","-1","1.0","2.0","-1.0","0.5","5","5","0","1.0","5","5","0","1.0","19","40","-21","0.475","19","23","-4","0.8260869565217391","19","20","-1","0.95","17","19","-2","0.8947368421052632","0.0","0.0","0.0","","0.0","0.0","","3.0981702345713567","8.839812940473667","-5.7416427059023105","0.35047916233455345","0.247615673184032","3.0981702345713567","-2.850554561387325","0.07992319802862302","3.0981702345713567","4.543714306828849","-1.4455440722574924","0.6818585028365555","1.0","0.938","0.062000000000000055","1.0660980810234542","","","","","-0.2","0.4","-0.6000000000000001","-0.5","-0.4","-0.2","-0.2","2.0","-0.2","0.0","-0.2","-inf","","","","","","","","","","","","","","","","","-0.2","0.0","-0.2","-inf"
"39753","33068","InvertedHeuristics","differentLengthRulesNeitherDisjunctNorSubsumingAtt","MOVIES","Rule 2 (strong preference)","dfInvertedHeuristics","-2","1.0","2.0","-1.0","0.5","5","5","0","1.0","5","5","0","1.0","19","40","-21","0.475","19","23","-4","0.8260869565217391","19","20","-1","0.95","17","19","-2","0.8947368421052632","0.0","0.0","0.0","","0.0","0.0","","3.0981702345713567","8.839812940473667","-5.7416427059023105","0.35047916233455345","0.247615673184032","3.0981702345713567","-2.850554561387325","0.07992319802862302","3.0981702345713567","4.543714306828849","-1.4455440722574924","0.6818585028365555","1.0","0.938","0.062000000000000055","1.0660980810234542","","","","","-0.2","0.4","-0.6000000000000001","-0.5","-0.4","-0.2","-0.2","2.0","-0.2","0.0","-0.2","-inf","","","","","","","","","","","","","","","","","-0.2","0.0","-0.2","-inf"
